"","Bottle_no","Light","Nitrogen","Phosphat","Temperature","r"
"1",1,100,5,0.3,10,0.0511657226956022
"2",2,100,5,1,10,0.0761344451090334
"3",3,100,5,1.8,10,0.0659764332403815
"4",4,100,5,2.5,10,0.0397545421547559
"5",5,100,5,3.2,10,0.0628346983241728
"6",6,100,16.5,0.3,10,0.0632574245836043
"7",7,100,16.5,1,10,0.0582649098524697
"8",8,100,16.5,1.8,10,0.0839609648718133
"9",9,100,16.5,2.5,10,0.0507661892959731
"10",10,100,16.5,3.2,10,0.0953050667536484
"11",11,100,28.1,0.3,10,0.0578529834455553
"12",12,100,28.1,1,10,0.0633814781923909
"13",13,100,28.1,1.8,10,0.0928393016676077
"14",14,100,28.1,2.5,10,0.0617480843810482
"15",15,100,28.1,3.2,10,0.0895442864089668
"16",16,100,39.7,0.3,10,0.0700840095226634
"17",17,100,39.7,1,10,0.0618881411214237
"18",18,100,39.7,1.8,10,0.0653723980891233
"19",19,100,39.7,2.5,10,0.0772145942208119
"20",20,100,39.7,3.2,10,0.0883640020096915
"21",21,100,51.1,0.3,10,0.0535620269693515
"22",22,100,51.1,1,10,0.0982956408181081
"23",23,100,51.1,1.8,10,0.0666374902017297
"24",24,100,51.1,2.5,10,0.0801466637046494
"25",25,100,51.1,3.2,10,0.0665302397720831
"26",26,69.3,5,0.3,10,0.048637867352188
"27",27,69.3,5,1,10,0.0530237636984806
"28",28,69.3,5,1.8,10,0.0693147180559945
"29",29,69.3,5,2.5,10,0.0542206496430894
"30",30,69.3,5,3.2,10,0.0602514916769312
"31",31,69.3,16.5,0.3,10,0.0421716163890695
"32",32,69.3,16.5,1,10,0.0623573301849347
"33",33,69.3,16.5,1.8,10,0.0630133800509041
"34",34,69.3,16.5,2.5,10,0.0934417404570842
"35",35,69.3,16.5,3.2,10,0.0888520310430745
"36",36,69.3,28.1,0.3,10,0.055008366560237
"37",37,69.3,28.1,1,10,0.0541715768910219
"38",38,69.3,28.1,1.8,10,0.0910283759933698
"39",39,69.3,28.1,2.5,10,0.0997344272583523
"40",40,69.3,28.1,3.2,10,0.0703796083463708
"41",41,69.3,39.7,0.3,10,-0.00757058085399426
"42",42,69.3,39.7,1,10,0.0579075477110924
"43",43,69.3,39.7,1.8,10,0.064750140027157
"44",44,69.3,39.7,2.5,10,0.0561639729429806
"45",45,69.3,39.7,3.2,10,0.0954982592115037
"46",46,69.3,51.1,0.3,10,0.0366852123864182
"47",47,69.3,51.1,1,10,0.0469755086733348
"48",48,69.3,51.1,1.8,10,0.0524931278894319
"49",49,69.3,51.1,2.5,10,0.0873126743641824
"50",50,69.3,51.1,3.2,10,0.0821353416444131
"51",51,51.2,5,0.3,10,0.0592299891968135
"52",52,51.2,5,1,10,0.06852100059813
"53",53,51.2,5,1.8,10,0.054019709778
"54",54,51.2,5,2.5,10,0.0398387274727894
"55",55,51.2,5,3.2,10,0.0645999388108058
"56",56,51.2,16.5,0.3,10,0.0419788658942643
"57",57,51.2,16.5,1,10,0.064391212364914
"58",58,51.2,16.5,1.8,10,0.084820728299791
"59",59,51.2,16.5,2.5,10,0.0869204343165176
"60",60,51.2,16.5,3.2,10,0.0747443307200741
"61",61,51.2,28.1,0.3,10,0.0471533413123809
"62",62,51.2,28.1,1,10,0.0686152009293441
"63",63,51.2,28.1,1.8,10,0.0591279630299728
"64",64,51.2,28.1,2.5,10,0.0727517231945277
"65",65,51.2,28.1,3.2,10,0.0554978590494517
"66",66,51.2,39.7,0.3,10,0.0430756307073694
"67",67,51.2,39.7,1,10,0.0596623831712937
"68",68,51.2,39.7,1.8,10,0.0560074935708577
"69",69,51.2,39.7,2.5,10,0.0768962851146939
"70",70,51.2,39.7,3.2,10,0.0630539785482647
"71",71,51.2,51.1,0.3,10,0.0793563285477581
"72",72,51.2,51.1,1,10,0.0602846131287324
"73",73,51.2,51.1,1.8,10,0.0575074119571544
"74",74,51.2,51.1,2.5,10,0.0680750476811774
"75",75,51.2,51.1,3.2,10,0.0618131232944519
"76",76,23.5,5,0.3,10,0.0373130188989308
"77",77,23.5,5,1,10,0.0411967324356358
"78",78,23.5,5,1.8,10,0.048637867352188
"79",79,23.5,5,2.5,10,0.0511657226956022
"80",80,23.5,5,3.2,10,0.0455453457001951
"81",81,23.5,16.5,0.3,10,0.0477657516812222
"82",82,23.5,16.5,1,10,0.0512786403537239
"83",83,23.5,16.5,1.8,10,0.0501378982658547
"84",84,23.5,16.5,2.5,10,0.0844804660002572
"85",85,23.5,16.5,3.2,10,0.0504504086831464
"86",86,23.5,28.1,0.3,10,0.0521281581043124
"87",87,23.5,28.1,1,10,0.0488213303968275
"88",88,23.5,28.1,1.8,10,0.0516590330981341
"89",89,23.5,28.1,2.5,10,0.0635923556386138
"90",90,23.5,28.1,3.2,10,0.0537808348153426
"91",91,23.5,39.7,0.3,10,0.0467727526723751
"92",92,23.5,39.7,1,10,0.051650556440586
"93",93,23.5,39.7,1.8,10,0.0611766070402237
"94",94,23.5,39.7,2.5,10,0.0615872157448389
"95",95,23.5,39.7,3.2,10,0.0576767043904594
"96",96,23.5,51.1,0.3,10,0.0469682122186385
"97",97,23.5,51.1,1,10,0.0513901751512635
"98",98,23.5,51.1,1.8,10,0.0560803329410984
"99",99,23.5,51.1,2.5,10,0.0593920538237635
"100",100,23.5,51.1,3.2,10,0.0602272394634778
"101",101,13.7,5,0.3,10,0.0339366937731169
"102",102,13.7,5,1,10,0.0340989733015078
"103",103,13.7,5,1.8,10,0.0419771462612972
"104",104,13.7,5,2.5,10,0.0399892604169199
"105",105,13.7,5,3.2,10,0.0390780222286405
"106",106,13.7,16.5,0.3,10,0.0389182029811063
"107",107,13.7,16.5,1,10,0.045456506667034
"108",108,13.7,16.5,1.8,10,0.0474827375841378
"109",109,13.7,16.5,2.5,10,0.046736085740411
"110",110,13.7,16.5,3.2,10,0.0493482910505081
"111",111,13.7,28.1,0.3,10,0.0424802282860374
"112",112,13.7,28.1,1,10,0.0560909870963023
"113",113,13.7,28.1,1.8,10,0.058351178375672
"114",114,13.7,28.1,2.5,10,0.0522725385732059
"115",115,13.7,28.1,3.2,10,0.0482047585017059
"116",116,13.7,39.7,0.3,10,0.0430218868417853
"117",117,13.7,39.7,1,10,0.0493650990609315
"118",118,13.7,39.7,1.8,10,0.0541901555930306
"119",119,13.7,39.7,2.5,10,0.054504731221037
"120",120,13.7,39.7,3.2,10,0.0562662434349138
"121",121,13.7,51.1,0.3,10,0.0403749617567536
"122",122,13.7,51.1,1,10,0.0579823477386544
"123",123,13.7,51.1,1.8,10,0.054400596686374
"124",124,13.7,51.1,2.5,10,0.0512919911614383
"125",125,13.7,51.1,3.2,10,0.0539784516114803
"126",126,100,5,0.3,15,0.0884141943201678
"127",127,100,5,1,15,0.0695194859851354
"128",128,100,5,1.8,15,0.0876050119033292
"129",129,100,5,2.5,15,0.0669784495591105
"130",130,100,5,3.2,15,0.0742158048304272
"131",131,100,16.5,0.3,15,0.0835273364398113
"132",132,100,16.5,1,15,0.0850109340557695
"133",133,100,16.5,1.8,15,0.0648511628553724
"134",134,100,16.5,2.5,15,0.0862115809534241
"135",135,100,16.5,3.2,15,0.0911581284878356
"136",136,100,28.1,0.3,15,0.0707241539421357
"137",137,100,28.1,1,15,0.0663459143429151
"138",138,100,28.1,1.8,15,0.0757319206858001
"139",139,100,28.1,2.5,15,0.0801002969944728
"140",140,100,28.1,3.2,15,0.100376772851424
"141",141,100,39.7,0.3,15,0.0776756064457583
"142",142,100,39.7,1,15,0.0819122324013374
"143",143,100,39.7,1.8,15,0.111104626921544
"144",144,100,39.7,2.5,15,0.12145953742012
"145",145,100,39.7,3.2,15,0.105116378719952
"146",146,100,51.1,0.3,15,0.0854866519357306
"147",147,100,51.1,1,15,0.105585873464468
"148",148,100,51.1,1.8,15,0.0789435918918587
"149",149,100,51.1,2.5,15,0.106598262734599
"150",150,100,51.1,3.2,15,0.127023252888932
"151",151,69.3,5,0.3,15,0.0873564581000713
"152",152,69.3,5,1,15,0.0873564581000713
"153",153,69.3,5,1.8,15,0.072727428299513
"154",154,69.3,5,2.5,15,0.0681476400221302
"155",155,69.3,5,3.2,15,0.0758508147472089
"156",156,69.3,16.5,0.3,15,0.0974330608433665
"157",157,69.3,16.5,1,15,0.0903687902183856
"158",158,69.3,16.5,1.8,15,0.0907684996954898
"159",159,69.3,16.5,2.5,15,0.0895523837069896
"160",160,69.3,16.5,3.2,15,0.0991536860133714
"161",161,69.3,28.1,0.3,15,0.0853218794870502
"162",162,69.3,28.1,1,15,0.0964866123122717
"163",163,69.3,28.1,1.8,15,0.0850819171318905
"164",164,69.3,28.1,2.5,15,0.0863884419254742
"165",165,69.3,28.1,3.2,15,0.0951952548016475
"166",166,69.3,39.7,0.3,15,0.0884141943201678
"167",167,69.3,39.7,1,15,0.0763242009610343
"168",168,69.3,39.7,1.8,15,0.105303189946962
"169",169,69.3,39.7,2.5,15,0.0813960513250959
"170",170,69.3,39.7,3.2,15,0.0837682793820881
"171",171,69.3,51.1,0.3,15,0.092422220647931
"172",172,69.3,51.1,1,15,0.0798078508825232
"173",173,69.3,51.1,1.8,15,0.106511253748272
"174",174,69.3,51.1,2.5,15,0.115234124780657
"175",175,69.3,51.1,3.2,15,0.116061834616745
"176",176,51.2,5,0.3,15,0.0880749455709711
"177",177,51.2,5,1,15,0.0505596261710076
"178",178,51.2,5,1.8,15,0.080154667420673
"179",179,51.2,5,2.5,15,0.0628346983241728
"180",180,51.2,5,3.2,15,0.0854166200008382
"181",181,51.2,16.5,0.3,15,0.0801346912662771
"182",182,51.2,16.5,1,15,0.09009975318853
"183",183,51.2,16.5,1.8,15,0.0685177998850505
"184",184,51.2,16.5,2.5,15,0.0733824126300311
"185",185,51.2,16.5,3.2,15,0.0870745418047466
"186",186,51.2,28.1,0.3,15,0.0810491870023411
"187",187,51.2,28.1,1,15,0.0663459143429151
"188",188,51.2,28.1,1.8,15,0.076724535765406
"189",189,51.2,28.1,2.5,15,0.0736521968220068
"190",190,51.2,28.1,3.2,15,0.0972851502988472
"191",191,51.2,39.7,0.3,15,0.0909130133340681
"192",192,51.2,39.7,1,15,0.069570229708184
"193",193,51.2,39.7,1.8,15,0.0690469111788593
"194",194,51.2,39.7,2.5,15,0.0787852242818093
"195",195,51.2,39.7,3.2,15,0.0700796838513951
"196",196,51.2,51.1,0.3,15,0.0841823788508667
"197",197,51.2,51.1,1,15,0.0736521968220068
"198",198,51.2,51.1,1.8,15,0.0761694840307226
"199",199,51.2,51.1,2.5,15,0.0897727273946428
"200",200,51.2,51.1,3.2,15,0.112549581883425
"201",201,23.5,5,0.3,15,0.073610974479161
"202",202,23.5,5,1,15,0.0625358832946249
"203",203,23.5,5,1.8,15,0.0430977352886003
"204",204,23.5,5,2.5,15,0.0406913516717737
"205",205,23.5,5,3.2,15,0.0624056862883948
"206",206,23.5,16.5,0.3,15,0.0821530850203832
"207",207,23.5,16.5,1,15,0.0588528487101471
"208",208,23.5,16.5,1.8,15,0.0605123331303265
"209",209,23.5,16.5,2.5,15,0.0723530388965114
"210",210,23.5,16.5,3.2,15,0.0678565826398328
"211",211,23.5,28.1,0.3,15,0.0721273690506632
"212",212,23.5,28.1,1,15,0.0816384607691906
"213",213,23.5,28.1,1.8,15,0.0950857855338231
"214",214,23.5,28.1,2.5,15,0.0972851502988472
"215",215,23.5,28.1,3.2,15,0.0676727003330488
"216",216,23.5,39.7,0.3,15,0.0742819069285147
"217",217,23.5,39.7,1,15,0.0790779599940518
"218",218,23.5,39.7,1.8,15,0.054504731221037
"219",219,23.5,39.7,2.5,15,0.0860136199043986
"220",220,23.5,39.7,3.2,15,0.0700076381128693
"221",221,23.5,51.1,0.3,15,0.0784723063334364
"222",222,23.5,51.1,1,15,0.0548129082549329
"223",223,23.5,51.1,1.8,15,0.0954771252442219
"224",224,23.5,51.1,2.5,15,0.0954771252442219
"225",225,23.5,51.1,3.2,15,0.100745151027113
"226",226,13.7,5,0.3,15,0.0355823013282774
"227",227,13.7,5,1,15,0.0723459491468163
"228",228,13.7,5,1.8,15,0.0332468243654917
"229",229,13.7,5,2.5,15,0.050580045583924
"230",230,13.7,5,3.2,15,0.0256721177985165
"231",231,13.7,16.5,0.3,15,0.0359804110811119
"232",232,13.7,16.5,1,15,0.0549306144334055
"233",233,13.7,16.5,1.8,15,0.0458145365937078
"234",234,13.7,16.5,2.5,15,0.0589327498170823
"235",235,13.7,16.5,3.2,15,0.0549306144334055
"236",236,13.7,28.1,0.3,15,0.0421716163890695
"237",237,13.7,28.1,1,15,0.0487070883496693
"238",238,13.7,28.1,1.8,15,0.0279807893967711
"239",239,13.7,28.1,2.5,15,0.0405465108108164
"240",240,13.7,28.1,3.2,15,0.0479131843826688
"241",241,13.7,39.7,0.3,15,0.0463986284627914
"242",242,13.7,39.7,1,15,0.0498414708868751
"243",243,13.7,39.7,1.8,15,0.0532007638944937
"244",244,13.7,39.7,2.5,15,0.0525185810272439
"245",245,13.7,39.7,3.2,15,0.0426141901600576
"246",246,13.7,51.1,0.3,15,0.0400791395127097
"247",247,13.7,51.1,1,15,0.0470150014461695
"248",248,13.7,51.1,1.8,15,0.0542512365198432
"249",249,13.7,51.1,2.5,15,0.0895879734614027
"250",250,13.7,51.1,3.2,15,0.0528005791367748
"251",251,100,5,0.3,20,0.0788693844074056
"252",252,100,5,1,20,0.077725738104895
"253",253,100,5,1.8,20,0.0703429644714698
"254",254,100,5,2.5,20,0.0703429644714698
"255",255,100,5,3.2,20,0.0748868235460737
"256",256,100,16.5,0.3,20,0.0856103386616392
"257",257,100,16.5,1,20,0.0832931955669165
"258",258,100,16.5,1.8,20,0.092810464986085
"259",259,100,16.5,2.5,20,0.0892732898684845
"260",260,100,16.5,3.2,20,0.117317871499283
"261",261,100,28.1,0.3,20,0.0845003160209655
"262",262,100,28.1,1,20,0.0992433726640509
"263",263,100,28.1,1.8,20,0.104303617460073
"264",264,100,28.1,2.5,20,0.0983131394520644
"265",265,100,28.1,3.2,20,0.105574571538988
"266",266,100,39.7,0.3,20,0.0684867196780468
"267",267,100,39.7,1,20,0.109389936282009
"268",268,100,39.7,1.8,20,0.116257907263937
"269",269,100,39.7,2.5,20,0.106132746430322
"270",270,100,39.7,3.2,20,0.114753800592925
"271",271,100,51.1,0.3,20,0.0906073478130316
"272",272,100,51.1,1,20,0.0821431853412893
"273",273,100,51.1,1.8,20,0.100265216199349
"274",274,100,51.1,2.5,20,0.114139930650407
"275",275,100,51.1,3.2,20,0.142250431924048
"276",276,69.3,5,0.3,20,0.13068466798117
"277",277,69.3,5,1,20,0.0868142929930912
"278",278,69.3,5,1.8,20,0.0682209635941362
"279",279,69.3,5,2.5,20,0.0694371846436464
"280",280,69.3,5,3.2,20,0.0734602350003147
"281",281,69.3,16.5,0.3,20,0.102852148947855
"282",282,69.3,16.5,1,20,0.0801593773985857
"283",283,69.3,16.5,1.8,20,0.0817542722406024
"284",284,69.3,16.5,2.5,20,0.089817184870066
"285",285,69.3,16.5,3.2,20,0.0774467919524195
"286",286,69.3,28.1,0.3,20,0.0816331050309287
"287",287,69.3,28.1,1,20,0.122615853055512
"288",288,69.3,28.1,1.8,20,0.093900984952629
"289",289,69.3,28.1,2.5,20,0.0962828521421156
"290",290,69.3,28.1,3.2,20,0.115597385111487
"291",291,69.3,39.7,0.3,20,0.0746238485817372
"292",292,69.3,39.7,1,20,0.117466540235909
"293",293,69.3,39.7,1.8,20,0.115521293034725
"294",294,69.3,39.7,2.5,20,0.101066200196659
"295",295,69.3,39.7,3.2,20,0.0910932685334694
"296",296,69.3,51.1,0.3,20,0.0982004187405989
"297",297,69.3,51.1,1,20,0.122795564186139
"298",298,69.3,51.1,1.8,20,0.0785744408512257
"299",299,69.3,51.1,2.5,20,0.105616337815704
"300",300,69.3,51.1,3.2,20,0.13624978339936
"301",301,51.2,5,0.3,20,0.0703958068740048
"302",302,51.2,5,1,20,0.0708782121721361
"303",303,51.2,5,1.8,20,0.0489626283303702
"304",304,51.2,5,2.5,20,0.0727659724257445
"305",305,51.2,5,3.2,20,0.0622320295403796
"306",306,51.2,16.5,0.3,20,0.0721474885723779
"307",307,51.2,16.5,1,20,0.0825352775607231
"308",308,51.2,16.5,1.8,20,0.082848035564146
"309",309,51.2,16.5,2.5,20,0.0849791283249365
"310",310,51.2,16.5,3.2,20,0.113649547103598
"311",311,51.2,28.1,0.3,20,0.103301112881172
"312",312,51.2,28.1,1,20,0.111544926623829
"313",313,51.2,28.1,1.8,20,0.0925876387857494
"314",314,51.2,28.1,2.5,20,0.087197769207683
"315",315,51.2,28.1,3.2,20,0.0842869984413108
"316",316,51.2,39.7,0.3,20,0.0770740931319192
"317",317,51.2,39.7,1,20,0.077811292676582
"318",318,51.2,39.7,1.8,20,0.0909772791960034
"319",319,51.2,39.7,2.5,20,0.108380352442774
"320",320,51.2,39.7,3.2,20,0.103442067644933
"321",321,51.2,51.1,0.3,20,0.0867250132166135
"322",322,51.2,51.1,1,20,0.0810263655826964
"323",323,51.2,51.1,1.8,20,0.0790121716320066
"324",324,51.2,51.1,2.5,20,0.113070856144756
"325",325,51.2,51.1,3.2,20,0.103328360027808
"326",326,23.5,5,0.3,20,0.0514971942266049
"327",327,23.5,5,1,20,0.0647622729309809
"328",328,23.5,5,1.8,20,0.0652700326052419
"329",329,23.5,5,2.5,20,0.0590406434101037
"330",330,23.5,5,3.2,20,0.058391468846404
"331",331,23.5,16.5,0.3,20,0.0618886989117695
"332",332,23.5,16.5,1,20,0.0699908371859092
"333",333,23.5,16.5,1.8,20,0.0834985902628066
"334",334,23.5,16.5,2.5,20,0.0818367538911288
"335",335,23.5,16.5,3.2,20,0.0802322685077113
"336",336,23.5,28.1,0.3,20,0.056757637614199
"337",337,23.5,28.1,1,20,0.0681305266536646
"338",338,23.5,28.1,1.8,20,0.0929814116667255
"339",339,23.5,28.1,2.5,20,0.0955062112144339
"340",340,23.5,28.1,3.2,20,0.0968088772971007
"341",341,23.5,39.7,0.3,20,0.0623147809872146
"342",342,23.5,39.7,1,20,0.0802812659259235
"343",343,23.5,39.7,1.8,20,0.0779411334233242
"344",344,23.5,39.7,2.5,20,0.0751776757638909
"345",345,23.5,39.7,3.2,20,0.0708023120126319
"346",346,23.5,51.1,0.3,20,0.0540075357376309
"347",347,23.5,51.1,1,20,0.0576086638346309
"348",348,23.5,51.1,1.8,20,0.087982267164731
"349",349,23.5,51.1,2.5,20,0.0968991912512029
"350",350,23.5,51.1,3.2,20,0.0753885148183274
"351",351,13.7,5,0.3,20,0.0446522997060736
"352",352,13.7,5,1,20,0.0263873227504609
"353",353,13.7,5,1.8,20,0.0356979562205971
"354",354,13.7,5,2.5,20,0.0383675127335743
"355",355,13.7,5,3.2,20,0.0330037708454577
"356",356,13.7,16.5,0.3,20,0.0376640654848807
"357",357,13.7,16.5,1,20,0.0552627109464917
"358",358,13.7,16.5,1.8,20,0.0579904129555646
"359",359,13.7,16.5,2.5,20,0.0592686751026225
"360",360,13.7,16.5,3.2,20,0.0437491604838272
"361",361,13.7,28.1,0.3,20,0.0519496177878456
"362",362,13.7,28.1,1,20,0.0520731785385263
"363",363,13.7,28.1,1.8,20,0.0667263898950621
"364",364,13.7,28.1,2.5,20,0.0676468146241488
"365",365,13.7,28.1,3.2,20,0.0685436279029257
"366",366,13.7,39.7,0.3,20,0.0694588327677407
"367",367,13.7,39.7,1,20,0.0591379909085183
"368",368,13.7,39.7,1.8,20,0.0558746918478087
"369",369,13.7,39.7,2.5,20,0.0608587678194884
"370",370,13.7,39.7,3.2,20,0.0624993952501452
"371",371,13.7,51.1,0.3,20,0.0337731728563151
"372",372,13.7,51.1,1,20,0.0676364490749495
"373",373,13.7,51.1,1.8,20,0.0541602398213709
"374",374,13.7,51.1,2.5,20,0.0669141931150039
"375",375,13.7,51.1,3.2,20,0.0559526045078347
"376",376,100,5,0.3,25,0.094511724962938
"377",377,100,5,1,25,0.0856864361995862
"378",378,100,5,1.8,25,0.0884141943201678
"379",379,100,5,2.5,25,0.0726223160840805
"380",380,100,5,3.2,25,0.0868142929930912
"381",381,100,16.5,0.3,25,0.100013812480625
"382",382,100,16.5,1,25,0.103443027323052
"383",383,100,16.5,1.8,25,0.106859409836853
"384",384,100,16.5,2.5,25,0.170886334180668
"385",385,100,16.5,3.2,25,0.142598059322595
"386",386,100,28.1,0.3,25,0.0855923506729711
"387",387,100,28.1,1,25,0.120808077224967
"388",388,100,28.1,1.8,25,0.116831898604235
"389",389,100,28.1,2.5,25,0.131533465932443
"390",390,100,28.1,3.2,25,0.147568283963251
"391",391,100,39.7,0.3,25,0.125347787531325
"392",392,100,39.7,1,25,0.111215239173644
"393",393,100,39.7,1.8,25,0.133486600950328
"394",394,100,39.7,2.5,25,0.128196264743839
"395",395,100,39.7,3.2,25,0.136816992018411
"396",396,100,51.1,0.3,25,0.0877769404001529
"397",397,100,51.1,1,25,0.112821277564747
"398",398,100,51.1,1.8,25,0.114533057974796
"399",399,100,51.1,2.5,25,0.117046847034766
"400",400,100,51.1,3.2,25,0.133165125899165
"401",401,69.3,5,0.3,25,0.0730059038803728
"402",402,69.3,5,1,25,0.0802509553649799
"403",403,69.3,5,1.8,25,0.0639032731892446
"404",404,69.3,5,2.5,25,0.0627712951308165
"405",405,69.3,5,3.2,25,0.0742769384836789
"406",406,69.3,16.5,0.3,25,0.0892732898684845
"407",407,69.3,16.5,1,25,0.0721878538721625
"408",408,69.3,16.5,1.8,25,0.109716044569747
"409",409,69.3,16.5,2.5,25,0.0993947648149998
"410",410,69.3,16.5,3.2,25,0.0891983111170574
"411",411,69.3,28.1,0.3,25,0.0757664967812577
"412",412,69.3,28.1,1,25,0.124198309732583
"413",413,69.3,28.1,1.8,25,0.111914587055405
"414",414,69.3,28.1,2.5,25,0.0969379751997611
"415",415,69.3,28.1,3.2,25,0.115014823914309
"416",416,69.3,39.7,0.3,25,0.0792214527680113
"417",417,69.3,39.7,1,25,0.121980354264701
"418",418,69.3,39.7,1.8,25,0.111434972311029
"419",419,69.3,39.7,2.5,25,0.126990826387694
"420",420,69.3,39.7,3.2,25,0.130421008639824
"421",421,69.3,51.1,0.3,25,0.0925336700618394
"422",422,69.3,51.1,1,25,0.0815021018861341
"423",423,69.3,51.1,1.8,25,0.132209760399057
"424",424,69.3,51.1,2.5,25,0.123328767474888
"425",425,69.3,51.1,3.2,25,0.130984110759011
"426",426,51.2,5,0.3,25,0.0665825629495824
"427",427,51.2,5,1,25,0.0734602350003147
"428",428,51.2,5,1.8,25,0.0862628596589203
"429",429,51.2,5,2.5,25,0.0740105162233092
"430",430,51.2,5,3.2,25,0.0814751175583308
"431",431,51.2,16.5,0.3,25,0.0858933467661607
"432",432,51.2,16.5,1,25,0.0944258933615472
"433",433,51.2,16.5,1.8,25,0.0932714399929842
"434",434,51.2,16.5,2.5,25,0.0921485455264013
"435",435,51.2,16.5,3.2,25,0.0920625482384791
"436",436,51.2,28.1,0.3,25,0.0670787594090269
"437",437,51.2,28.1,1,25,0.0962595018142301
"438",438,51.2,28.1,1.8,25,0.122974279682127
"439",439,51.2,28.1,2.5,25,0.121516039786384
"440",440,51.2,28.1,3.2,25,0.107908128679024
"441",441,51.2,39.7,0.3,25,0.0947464103555018
"442",442,51.2,39.7,1,25,0.112612573616263
"443",443,51.2,39.7,1.8,25,0.110605743168797
"444",444,51.2,39.7,2.5,25,0.110456544769335
"445",445,51.2,39.7,3.2,25,0.0833406499348763
"446",446,51.2,51.1,0.3,25,0.0863621410861467
"447",447,51.2,51.1,1,25,0.138958829002915
"448",448,51.2,51.1,1.8,25,0.0603807153839223
"449",449,51.2,51.1,2.5,25,0.0832150498756269
"450",450,51.2,51.1,3.2,25,0.0856457806539393
"451",451,23.5,5,0.3,25,0.049977138708836
"452",452,23.5,5,1,25,0.0657289000111977
"453",453,23.5,5,1.8,25,0.0685112935085248
"454",454,23.5,5,2.5,25,0.0602918057241883
"455",455,23.5,5,3.2,25,0.0671003499674246
"456",456,23.5,16.5,0.3,25,0.0581059199534848
"457",457,23.5,16.5,1,25,0.0976928292842194
"458",458,23.5,16.5,1.8,25,0.0936066215716343
"459",459,23.5,16.5,2.5,25,0.0623147809872146
"460",460,23.5,16.5,3.2,25,0.0644285800234717
"461",461,23.5,28.1,0.3,25,0.0947464103555018
"462",462,23.5,28.1,1,25,0.069951996975224
"463",463,23.5,28.1,1.8,25,0.0688803441753535
"464",464,23.5,28.1,2.5,25,0.111307002943812
"465",465,23.5,28.1,3.2,25,0.0710457161088917
"466",466,23.5,39.7,0.3,25,0.114594339316981
"467",467,23.5,39.7,1,25,0.111955853274506
"468",468,23.5,39.7,1.8,25,0.110360643415492
"469",469,23.5,39.7,2.5,25,0.0692120452685513
"470",470,23.5,39.7,3.2,25,0.0669832182385506
"471",471,23.5,51.1,0.3,25,0.0915264793969582
"472",472,23.5,51.1,1,25,0.112519414985244
"473",473,23.5,51.1,1.8,25,0.0767063334397676
"474",474,23.5,51.1,2.5,25,0.061081414054648
"475",475,23.5,51.1,3.2,25,0.0847732695108036
"476",476,13.7,5,0.3,25,0.0328456716823286
"477",477,13.7,5,1,25,0.0382000444265631
"478",478,13.7,5,1.8,25,0.0372307789702774
"479",479,13.7,5,2.5,25,0.0305518552558147
"480",480,13.7,5,3.2,25,0.0442434370570178
"481",481,13.7,16.5,0.3,25,0.0537419612534353
"482",482,13.7,16.5,1,25,0.0447364802900171
"483",483,13.7,16.5,1.8,25,0.0477694620045945
"484",484,13.7,16.5,2.5,25,0.0469930291905048
"485",485,13.7,16.5,3.2,25,0.0469213259168765
"486",486,13.7,28.1,0.3,25,0.0457064411274712
"487",487,13.7,28.1,1,25,0.0527059999115773
"488",488,13.7,28.1,1.8,25,0.0498670665312306
"489",489,13.7,28.1,2.5,25,0.0536912277699768
"490",490,13.7,28.1,3.2,25,0.0519366088258133
"491",491,13.7,39.7,0.3,25,0.054923328220119
"492",492,13.7,39.7,1,25,0.0620942651886381
"493",493,13.7,39.7,1.8,25,0.0635849286487082
"494",494,13.7,39.7,2.5,25,0.0596701295028448
"495",495,13.7,39.7,3.2,25,0.0470874654172236
"496",496,13.7,51.1,0.3,25,0.0431801046286122
"497",497,13.7,51.1,1,25,0.0600303487626868
"498",498,13.7,51.1,1.8,25,0.0469611122832734
"499",499,13.7,51.1,2.5,25,0.055057902300208
"500",500,13.7,51.1,3.2,25,0.058077292539601
"501",501,100,5,0.3,30,0.0805077850519594
"502",502,100,5,1,30,0.0730439961346403
"503",503,100,5,1.8,30,0.069505321384433
"504",504,100,5,2.5,30,0.0730439961346403
"505",505,100,5,3.2,30,0.0704270430761768
"506",506,100,16.5,0.3,30,0.0784909481088784
"507",507,100,16.5,1,30,0.109716044569747
"508",508,100,16.5,1.8,30,0.093900984952629
"509",509,100,16.5,2.5,30,0.107362596869323
"510",510,100,16.5,3.2,30,0.102867361770591
"511",511,100,28.1,0.3,30,0.0985841591389555
"512",512,100,28.1,1,30,0.120312393596657
"513",513,100,28.1,1.8,30,0.114499745842534
"514",514,100,28.1,2.5,30,0.133987109067614
"515",515,100,28.1,3.2,30,0.135449287251828
"516",516,100,39.7,0.3,30,0.11064915479361
"517",517,100,39.7,1,30,0.0498951320270593
"518",518,100,39.7,1.8,30,0.14808150746923
"519",519,100,39.7,2.5,30,0.131264223785183
"520",520,100,39.7,3.2,30,0.104058043289461
"521",521,100,51.1,0.3,30,0.0892254236111042
"522",522,100,51.1,1,30,0.10770302473798
"523",523,100,51.1,1.8,30,0.0906953165327939
"524",524,100,51.1,2.5,30,0.111890615871936
"525",525,100,51.1,3.2,30,0.106660119787716
"526",526,69.3,5,0.3,30,0.0759250283936587
"527",527,69.3,5,1,30,0.0530060562063412
"528",528,69.3,5,1.8,30,0.0759250283936587
"529",529,69.3,5,2.5,30,0.078076391246788
"530",530,69.3,5,3.2,30,0.104570560230231
"531",531,69.3,16.5,0.3,30,0.103729475639743
"532",532,69.3,16.5,1,30,0.0952197965821617
"533",533,69.3,16.5,1.8,30,0.109537446693844
"534",534,69.3,16.5,2.5,30,0.0969294884106267
"535",535,69.3,16.5,3.2,30,0.0909685704031705
"536",536,69.3,28.1,0.3,30,0.0698377716873576
"537",537,69.3,28.1,1,30,0.095217315400514
"538",538,69.3,28.1,1.8,30,0.105927141931918
"539",539,69.3,28.1,2.5,30,0.0981347425863523
"540",540,69.3,28.1,3.2,30,0.0995272768703445
"541",541,69.3,39.7,0.3,30,0.0956666794287913
"542",542,69.3,39.7,1,30,0.096663520787568
"543",543,69.3,39.7,1.8,30,0.0860223674007351
"544",544,69.3,39.7,2.5,30,0.112892677673755
"545",545,69.3,39.7,3.2,30,0.114224494323784
"546",546,69.3,51.1,0.3,30,0.0892254236111042
"547",547,69.3,51.1,1,30,0.100867226530988
"548",548,69.3,51.1,1.8,30,0.0889777312126584
"549",549,69.3,51.1,2.5,30,0.0858100534569585
"550",550,69.3,51.1,3.2,30,0.0809298729052281
"551",551,51.2,5,0.3,30,0.0553430498206826
"552",552,51.2,5,1,30,0.071966841047687
"553",553,51.2,5,1.8,30,0.0737953849481473
"554",554,51.2,5,2.5,30,0.071966841047687
"555",555,51.2,5,3.2,30,0.0611447475284649
"556",556,51.2,16.5,0.3,30,0.0698610128988057
"557",557,51.2,16.5,1,30,0.0825352775607231
"558",558,51.2,16.5,1.8,30,0.0780646778903442
"559",559,51.2,16.5,2.5,30,0.0922582556885886
"560",560,51.2,16.5,3.2,30,0.073753474767216
"561",561,51.2,28.1,0.3,30,0.0637389845437019
"562",562,51.2,28.1,1,30,0.0905749284562026
"563",563,51.2,28.1,1.8,30,0.077948120130418
"564",564,51.2,28.1,2.5,30,0.106448383635333
"565",565,51.2,28.1,3.2,30,0.101654057180907
"566",566,51.2,39.7,0.3,30,0.0552627109464917
"567",567,51.2,39.7,1,30,0.0760340762468779
"568",568,51.2,39.7,1.8,30,0.0991400998157514
"569",569,51.2,39.7,2.5,30,0.0962542544425726
"570",570,51.2,39.7,3.2,30,0.120311876168246
"571",571,51.2,51.1,0.3,30,0.0771321741936551
"572",572,51.2,51.1,1,30,0.0860372338726492
"573",573,51.2,51.1,1.8,30,0.0801775161753724
"574",574,51.2,51.1,2.5,30,0.0764489567161994
"575",575,51.2,51.1,3.2,30,0.0735100230515373
"576",576,23.5,5,0.3,30,0.0392545832301
"577",577,23.5,5,1,30,0.0585055098104359
"578",578,23.5,5,1.8,30,0.0421120167039608
"579",579,23.5,5,2.5,30,0.0507949094581175
"580",580,23.5,5,3.2,30,0.0546831455154297
"581",581,23.5,16.5,0.3,30,0.0561501559492608
"582",582,23.5,16.5,1,30,0.0669426623836886
"583",583,23.5,16.5,1.8,30,0.0655441455411878
"584",584,23.5,16.5,2.5,30,0.0739082286127429
"585",585,23.5,16.5,3.2,30,0.06739537298895
"586",586,23.5,28.1,0.3,30,0.0613909141541336
"587",587,23.5,28.1,1,30,0.0768617097932384
"588",588,23.5,28.1,1.8,30,0.0596701295028448
"589",589,23.5,28.1,2.5,30,0.0654056774652444
"590",590,23.5,28.1,3.2,30,0.0694305749811238
"591",591,23.5,39.7,0.3,30,0.0861734220914457
"592",592,23.5,39.7,1,30,0.0958981861640079
"593",593,23.5,39.7,1.8,30,0.0766080483059726
"594",594,23.5,39.7,2.5,30,0.0719279980153622
"595",595,23.5,39.7,3.2,30,0.0625345244991663
"596",596,23.5,51.1,0.3,30,0.0606074792631219
"597",597,23.5,51.1,1,30,0.0641754169497548
"598",598,23.5,51.1,1.8,30,0.0835127948337911
"599",599,23.5,51.1,2.5,30,0.0663817482958922
"600",600,23.5,51.1,3.2,30,0.0600665021256867
"601",601,13.7,5,0.3,30,0.041974029274044
"602",602,13.7,5,1,30,0.039028483360076
"603",603,13.7,5,1.8,30,0.0364814305557866
"604",604,13.7,5,2.5,30,0.0401508400659854
"605",605,13.7,5,3.2,30,0.0408294334313056
"606",606,13.7,16.5,0.3,30,0.0510331310871448
"607",607,13.7,16.5,1,30,0.0410953624237222
"608",608,13.7,16.5,1.8,30,0.0607335061295887
"609",609,13.7,16.5,2.5,30,0.0405465108108164
"610",610,13.7,16.5,3.2,30,0.0470175543685955
"611",611,13.7,28.1,0.3,30,0.051133182387566
"612",612,13.7,28.1,1,30,0.0555431045124331
"613",613,13.7,28.1,1.8,30,0.0494583864624087
"614",614,13.7,28.1,2.5,30,0.0649840393073044
"615",615,13.7,28.1,3.2,30,0.043620069637732
"616",616,13.7,39.7,0.3,30,0.0457918348527405
"617",617,13.7,39.7,1,30,0.0579904129555646
"618",618,13.7,39.7,1.8,30,0.0514228923479826
"619",619,13.7,39.7,2.5,30,0.0404445872342325
"620",620,13.7,39.7,3.2,30,0.0485353717950978
"621",621,13.7,51.1,0.3,30,0.0354391060860681
"622",622,13.7,51.1,1,30,0.0604896251188358
"623",623,13.7,51.1,1.8,30,0.041974029274044
"624",624,13.7,51.1,2.5,30,0.0406285639337115
"625",625,13.7,51.1,3.2,30,0.0305551943535456
