"","temp","light","N","P","bottle","cell_volume","sd","arm","arm_sd"
"1",10,13.7,5,0.3121875,101,11516.6451158547,1864.26515349446,66.4955,NA
"2",10,13.7,5,1.03262019230769,102,13277.9960520484,2359.20630825526,66.6625,NA
"3",10,13.7,5,1.75305288461538,103,18310.0226140723,3393.49276615855,69.719,NA
"4",10,13.7,5,2.47764992774566,104,16554.6625240644,3748.93747366067,70.942,NA
"5",10,13.7,5,3.19391826923077,105,14440.8684420763,2692.80413864541,68.6695,NA
"6",10,13.7,16.5384615384615,0.3121875,106,14763.3012989355,2402.04750037925,62.94,NA
"7",10,13.7,16.5384615384615,1.03262019230769,107,17346.7553822179,3591.03616072122,64.292,NA
"8",10,13.7,16.5384615384615,1.75305288461538,108,16817.6813608544,3476.55128376725,63.182,NA
"9",10,13.7,16.5384615384615,2.47764992774566,109,19817.3899349571,4912.72698692543,66.04,NA
"10",10,13.7,16.5384615384615,3.19391826923077,110,13923.0948133993,2880.77776087415,62.05,NA
"11",10,13.7,28.0769230769231,0.3121875,111,12034.2038255216,2642.45126492222,64.535,NA
"12",10,13.7,28.0769230769231,1.03262019230769,112,13628.839406956,2457.7790049747,62.199,NA
"13",10,13.7,28.0769230769231,1.75305288461538,113,14077.9239798405,1895.77133827004,66.398,NA
"14",10,13.7,28.0769230769231,2.47764992774566,114,17829.2997423182,4259.3094224075,65.25,NA
"15",10,13.7,28.0769230769231,3.19391826923077,115,17277.8003530073,3552.69099344268,64.713,NA
"16",10,13.7,39.6820809248555,0.3121875,116,14552.1533596371,2981.51814109556,63.273,NA
"17",10,13.7,39.6820809248555,1.03262019230769,117,18662.619237127,2921.2491789113,60.8965,NA
"18",10,13.7,39.6820809248555,1.75305288461538,118,19226.6126950502,2583.93900419674,61.3505,NA
"19",10,13.7,39.6820809248555,2.47764992774566,119,18348.0764352644,3966.56394326434,61.447,NA
"20",10,13.7,39.6820809248555,3.19391826923077,120,18207.5350705367,4272.40798619463,64.503,NA
"21",10,13.7,51.15,0.3121875,121,14911.5506100222,3449.80334828765,63.695,NA
"22",10,13.7,51.15,1.03262019230769,122,12674.6895998876,1759.22858396482,58.4805,NA
"23",10,13.7,51.15,1.75305288461538,123,17743.2857390252,3284.40266876012,62.115,NA
"24",10,13.7,51.15,2.47764992774566,124,17913.5348775852,2784.1803276874,61.777,NA
"25",10,13.7,51.15,3.19391826923077,125,17116.1833246595,2833.73381039671,62.0665,NA
"26",10,23.5,5,0.3121875,76,12822.242827065,3381.04679448161,69.337,NA
"27",10,23.5,5,1.03262019230769,77,13945.5292045467,3221.0931408316,74.833,NA
"28",10,23.5,5,1.75305288461538,78,14167.8468202341,3511.15080517949,73.004,NA
"29",10,23.5,5,2.47764992774566,79,13268.8357966066,2555.86624602998,73.4545,NA
"30",10,23.5,5,3.19391826923077,80,17094.0533749901,4113.49031872272,72.781,NA
"31",10,23.5,16.5384615384615,0.3121875,81,12093.8579614628,2299.02944021344,72.597,NA
"32",10,23.5,16.5384615384615,1.03262019230769,82,20842.5664995397,3811.01023588141,67.4125,NA
"33",10,23.5,16.5384615384615,1.75305288461538,83,21254.2302346515,4605.40565040029,71.166,NA
"34",10,23.5,16.5384615384615,2.47764992774566,84,18256.7150310031,3682.24615755205,68.328,NA
"35",10,23.5,16.5384615384615,3.19391826923077,85,18937.0035075852,4732.33675599099,71.142,NA
"36",10,23.5,28.0769230769231,0.3121875,86,12197.9997865862,2905.14537796699,72.373,NA
"37",10,23.5,28.0769230769231,1.03262019230769,87,18542.1536019252,4292.23113973966,68.349,NA
"38",10,23.5,28.0769230769231,1.75305288461538,88,19631.6290185404,4926.22300252572,66.485,NA
"39",10,23.5,28.0769230769231,2.47764992774566,89,12610.5523538006,4272.35656897389,62.2105,NA
"40",10,23.5,28.0769230769231,3.19391826923077,90,13640.1619297609,3079.10380600853,67.5105,NA
"41",10,23.5,39.6820809248555,0.3121875,91,11147.9618239916,2375.93074696289,71.312,NA
"42",10,23.5,39.6820809248555,1.75305288461538,93,19737.3468227938,3921.77268358392,65.443,NA
"43",10,23.5,39.6820809248555,2.47764992774566,94,19727.1258022039,2361.44527453732,66.442,NA
"44",10,23.5,39.6820809248555,3.19391826923077,95,19483.0119944286,3463.28578360622,64.742,NA
"45",10,23.5,51.15,0.3121875,96,15341.1277607595,3499.68796180606,69.935,NA
"46",10,23.5,51.15,1.03262019230769,97,16070.9415260806,4088.94063843725,62.016,NA
"47",10,23.5,51.15,1.75305288461538,98,18602.9010864373,3577.49538656476,62.644,NA
"48",10,23.5,51.15,2.47764992774566,99,19776.4141405406,2894.44806247264,67.256,NA
"49",10,23.5,51.15,3.19391826923077,100,18062.7880928397,3098.66046533588,63.925,NA
"50",10,51.2,5,0.3121875,51,14297.3455996259,2879.90872484579,75.3345,NA
"51",10,51.2,5,1.03262019230769,52,15442.480018247,3800.62726962564,74.507,NA
"52",10,51.2,5,1.75305288461538,53,14116.5108831006,3034.1118964706,73.094,NA
"53",10,51.2,5,2.47764992774566,54,11233.6257866897,2328.31460261615,76.2935,NA
"54",10,51.2,5,3.19391826923077,55,17932.6939656203,3789.49931489796,74.336,NA
"55",10,51.2,16.5384615384615,0.3121875,56,15052.6431433915,4331.8981386643,69.923,NA
"56",10,51.2,16.5384615384615,1.03262019230769,57,14278.4357193344,2551.97348920397,71.465,NA
"57",10,51.2,16.5384615384615,1.75305288461538,58,15708.6870157086,3456.39467224786,73.303,NA
"58",10,51.2,16.5384615384615,3.19391826923077,60,24088.7848083082,3982.47729288808,70.84,NA
"59",10,51.2,28.0769230769231,0.3121875,61,12460.4730882336,2051.34062405162,75.37,NA
"60",10,51.2,28.0769230769231,1.03262019230769,62,13723.9384314881,2751.57285996196,66.6655,NA
"61",10,51.2,28.0769230769231,1.75305288461538,63,19943.9803487792,4111.32239054105,67.41,NA
"62",10,51.2,28.0769230769231,2.47764992774566,64,15881.1208758555,3295.36539241728,68.28,NA
"63",10,51.2,28.0769230769231,3.19391826923077,65,15042.8666121094,2761.27542559589,67.672,NA
"64",10,51.2,39.6820809248555,0.3121875,66,18372.0854794434,4555.13184130278,74.263,NA
"65",10,51.2,39.6820809248555,1.03262019230769,67,19531.1319931322,3192.49500894056,65.7495,NA
"66",10,51.2,39.6820809248555,1.75305288461538,68,13795.2426867079,2314.32861314714,64.693,NA
"67",10,51.2,39.6820809248555,2.47764992774566,69,21169.6370085855,3198.3892844137,65.6235,NA
"68",10,51.2,39.6820809248555,3.19391826923077,70,14390.2887324352,2839.15775593019,66.767,NA
"69",10,51.2,51.15,0.3121875,71,11137.7272819837,1522.303898457,69.782,NA
"70",10,51.2,51.15,1.03262019230769,72,10206.1668258672,3393.51339932939,62.0565,NA
"71",10,51.2,51.15,1.75305288461538,73,17079.0402638459,4621.18042630156,63.8185,NA
"72",10,51.2,51.15,2.47764992774566,74,21020.0992629306,3894.13061565162,66.929,NA
"73",10,51.2,51.15,3.19391826923077,75,19450.1273971766,3844.01768316963,67.1565,NA
"74",10,69.3,5,0.3121875,26,12234.1610837009,2162.9227761039,71.843,NA
"75",10,69.3,5,1.03262019230769,27,16171.4563063626,1726.18147110401,78.5225,NA
"76",10,69.3,5,1.75305288461538,28,15704.9850905214,3448.59192225867,74.816,NA
"77",10,69.3,5,2.47764992774566,29,16182.9108490536,2777.57163045849,75.741,NA
"78",10,69.3,5,3.19391826923077,30,17936.7462871162,3191.19148156039,75.105,NA
"79",10,69.3,16.5384615384615,0.3121875,31,15199.0953846546,3650.35969672436,63.8175,NA
"80",10,69.3,16.5384615384615,1.03262019230769,32,19259.2768654112,4768.67098136364,71.3995,NA
"81",10,69.3,16.5384615384615,1.75305288461538,33,17594.3887676213,4329.74487052162,67.6765,NA
"82",10,69.3,16.5384615384615,2.47764992774566,34,16193.4708511057,3973.95471400042,74.745,NA
"83",10,69.3,16.5384615384615,3.19391826923077,35,19643.9547202152,4537.81908550599,76.255,NA
"84",10,69.3,28.0769230769231,0.3121875,36,15635.4092253503,3605.42750767153,74.7315,NA
"85",10,69.3,28.0769230769231,1.03262019230769,37,19607.5906386808,3627.79946554584,70.6595,NA
"86",10,69.3,28.0769230769231,1.75305288461538,38,15917.5556012616,2556.63830400884,65.812,NA
"87",10,69.3,28.0769230769231,2.47764992774566,39,18028.0262655214,3789.518116482,73.479,NA
"88",10,69.3,28.0769230769231,3.19391826923077,40,20507.0083584311,5955.05202164099,68.66,NA
"89",10,69.3,39.6820809248555,0.3121875,41,14114.1745366038,2156.83385620353,73.204,NA
"90",10,69.3,39.6820809248555,1.03262019230769,42,12058.556332622,1745.58013787238,63.907,NA
"91",10,69.3,39.6820809248555,1.75305288461538,43,12052.0274232464,2872.70664540075,62.854,NA
"92",10,69.3,39.6820809248555,2.47764992774566,44,19996.7589530363,3466.01848717669,68.715,NA
"93",10,69.3,39.6820809248555,3.19391826923077,45,21555.4780807666,4921.79422976251,65.759,NA
"94",10,69.3,51.15,0.3121875,46,11195.9986864913,1836.01805773083,72.3905,NA
"95",10,69.3,51.15,1.03262019230769,47,10594.8932853749,2139.40054189854,66.9215,NA
"96",10,69.3,51.15,1.75305288461538,48,14689.673784975,2872.8458689178,63.051,NA
"97",10,69.3,51.15,2.47764992774566,49,13452.8015613381,2326.09204697254,64.8575,NA
"98",10,69.3,51.15,3.19391826923077,50,21408.5140461487,4783.96954947187,67.2935,NA
"99",10,100,5,0.3121875,1,12873.1018578969,3375.46364967324,73.204,NA
"100",10,100,5,1.03262019230769,2,15360.8861913774,3264.16979959265,76.256,NA
"101",10,100,5,1.75305288461538,3,15556.4939815992,2931.70492366631,73.8665,NA
"102",10,100,16.5384615384615,0.3121875,6,12129.8030692685,2651.30358524715,70.97,NA
"103",10,100,16.5384615384615,1.03262019230769,7,13485.3043820622,3585.28299286817,70.233,NA
"104",10,100,16.5384615384615,1.75305288461538,8,17224.9760523915,3243.32939422275,70.6805,NA
"105",10,100,16.5384615384615,2.47764992774566,9,13638.1365959403,2594.0789522732,70.056,NA
"106",10,100,16.5384615384615,3.19391826923077,10,16834.7213344397,2954.98535767117,71.787,NA
"107",10,100,28.0769230769231,0.3121875,11,19532.4629142088,4949.10824040832,75.0735,NA
"108",10,100,28.0769230769231,1.03262019230769,12,15199.4585783694,3781.52609513852,66.493,NA
"109",10,100,28.0769230769231,1.75305288461538,13,16801.0854541475,2763.50628490903,71.6985,NA
"110",10,100,28.0769230769231,2.47764992774566,14,14394.0168513083,3483.91445693492,65.517,NA
"111",10,100,28.0769230769231,3.19391826923077,15,20742.7616649016,4721.3971256465,67.237,NA
"112",10,100,39.6820809248555,0.3121875,16,15136.1722589622,2743.78757123901,74.3475,NA
"113",10,100,39.6820809248555,1.03262019230769,17,12275.3712116701,2396.92013165264,66.5415,NA
"114",10,100,39.6820809248555,1.75305288461538,18,18125.9014415417,2649.83545244159,67.151,NA
"115",10,100,39.6820809248555,2.47764992774566,19,15816.6504114179,3333.80148448302,65.8895,NA
"116",10,100,39.6820809248555,3.19391826923077,20,22109.1934607524,4984.35023056564,68.2455,NA
"117",10,100,51.15,0.3121875,21,10480.8030475206,2456.35226413591,70.4465,NA
"118",10,100,51.15,1.03262019230769,22,13082.8090026527,2633.91584622146,71.406,NA
"119",10,100,51.15,1.75305288461538,23,11856.3048577317,2110.67582037163,63.1145,NA
"120",10,100,51.15,2.47764992774566,24,16626.2179992343,2832.48703384924,64.27,NA
"121",10,100,51.15,3.19391826923077,25,13525.7882301499,3121.36959778939,65.672,NA
"122",15,13.7,5,0.3121875,226,11994.7939429803,2464.61159281642,65.389,NA
"123",15,13.7,5,1.75305288461538,228,11760.5843305752,2908.21163609331,65.0035,NA
"124",15,13.7,5,3.19391826923077,230,11611.6682908995,2175.51204066425,62.044,NA
"125",15,13.7,16.5384615384615,0.3121875,231,11235.3194208946,1844.5526855539,61.938,NA
"126",15,13.7,28.0769230769231,0.3121875,236,10620.7880884277,1642.33862260683,60.926,NA
"127",15,13.7,28.0769230769231,1.03262019230769,237,13256.7463488448,2458.39990872946,60.9865,NA
"128",15,13.7,28.0769230769231,3.19391826923077,240,10557.2425473,2131.67592159445,58.8525,NA
"129",15,13.7,39.6820809248555,0.3121875,241,10871.4333335381,2316.7440349809,56.499,NA
"130",15,13.7,39.6820809248555,1.03262019230769,242,11707.4001553231,2377.39533101366,59.327,NA
"131",15,13.7,39.6820809248555,1.75305288461538,243,11376.7642563623,2951.948251659,61.26,NA
"132",15,13.7,39.6820809248555,2.47764992774566,244,11928.8039007479,2537.55953779107,60.016,NA
"133",15,13.7,39.6820809248555,3.19391826923077,245,12578.562903028,2840.17386531021,56.164,NA
"134",15,13.7,51.15,0.3121875,246,12393.7657356438,2750.74937559874,60.035,NA
"135",15,13.7,51.15,1.03262019230769,247,12104.501920012,2226.99113378131,57.315,NA
"136",15,13.7,51.15,1.75305288461538,248,14349.5036559099,3452.17021693116,56.184,NA
"137",15,13.7,51.15,2.47764992774566,249,13295.7460724244,2321.8049755938,56.452,NA
"138",15,13.7,51.15,3.19391826923077,250,11433.3566141224,2839.26995116878,56.498,NA
"139",15,23.5,5,0.3121875,201,13603.9931079938,3135.97432438877,71.9125,NA
"140",15,23.5,5,1.03262019230769,202,15606.6123825318,3175.76823088014,74.4955,NA
"141",15,23.5,5,1.75305288461538,203,10513.4581243168,3005.82848439962,69.868,NA
"142",15,23.5,5,2.47764992774566,204,11343.424417823,2072.01992304803,72.547,NA
"143",15,23.5,5,3.19391826923077,205,14247.1239984629,2302.4749775713,68.6785,NA
"144",15,23.5,16.5384615384615,0.3121875,206,13434.9020130448,2665.47356792105,67.605,NA
"145",15,23.5,16.5384615384615,1.03262019230769,207,13962.9680773526,1890.01684586136,66.281,NA
"146",15,23.5,16.5384615384615,1.75305288461538,208,11439.1668676679,2314.7294947533,61.9855,NA
"147",15,23.5,16.5384615384615,2.47764992774566,209,18620.4097916731,5485.54708787441,67.864,NA
"148",15,23.5,16.5384615384615,3.19391826923077,210,14101.4369975164,2897.67533385505,64.382,NA
"149",15,23.5,28.0769230769231,0.3121875,211,12952.5248181234,3027.25987565703,71.3915,NA
"150",15,23.5,28.0769230769231,1.03262019230769,212,13828.09960469,3423.64933191721,63.072,NA
"151",15,23.5,28.0769230769231,1.75305288461538,213,14497.911665252,3755.70155113309,67.327,NA
"152",15,23.5,28.0769230769231,2.47764992774566,214,16788.5409677534,3293.42265176539,64.993,NA
"153",15,23.5,28.0769230769231,3.19391826923077,215,14938.4106760431,2348.71706573668,60.669,NA
"154",15,23.5,39.6820809248555,0.3121875,216,13359.6087857349,2844.89885994922,68.933,NA
"155",15,23.5,39.6820809248555,1.03262019230769,217,15866.6241497922,3649.80630518116,62.0995,NA
"156",15,23.5,39.6820809248555,1.75305288461538,218,14745.1981366644,3294.09105194538,62.2725,NA
"157",15,23.5,39.6820809248555,2.47764992774566,219,17934.9812731313,4807.22056568607,61.0255,NA
"158",15,23.5,39.6820809248555,3.19391826923077,220,15177.2327428,4114.46998627554,62.8895,NA
"159",15,23.5,51.15,0.3121875,221,14353.6251708189,3243.05680306153,67.545,NA
"160",15,23.5,51.15,1.03262019230769,222,14453.9502629727,2955.45108468947,62.8845,NA
"161",15,51.2,5,0.3121875,176,16079.7483314583,3074.71049510818,76.22,NA
"162",15,51.2,5,1.03262019230769,177,11741.7405386358,2540.14334411124,80.1175,NA
"163",15,51.2,5,1.75305288461538,178,13139.2701970498,4212.89516491833,73.431,NA
"164",15,51.2,5,2.47764992774566,179,15066.5826919224,3240.83348775592,76.208,NA
"165",15,51.2,5,3.19391826923077,180,12010.0182564562,3124.98512304979,69.693,NA
"166",15,51.2,16.5384615384615,0.3121875,181,10819.506979964,2349.06056713592,73.014,NA
"167",15,51.2,16.5384615384615,1.03262019230769,182,16782.4045122116,3864.39210925225,71.577,NA
"168",15,51.2,16.5384615384615,1.75305288461538,183,17710.6333997141,2950.15975017619,68.9615,NA
"169",15,51.2,16.5384615384615,2.47764992774566,184,19981.091782934,3814.93468591359,72.719,NA
"170",15,51.2,16.5384615384615,3.19391826923077,185,15997.2708745795,2363.64747755209,71.691,NA
"171",15,51.2,28.0769230769231,0.3121875,186,15342.2385658871,3977.03849305673,77.0785,NA
"172",15,51.2,28.0769230769231,1.03262019230769,187,14448.1368169879,2877.67404486612,67.309,NA
"173",15,51.2,28.0769230769231,1.75305288461538,188,13446.3174145368,3561.7562974824,65.1835,NA
"174",15,51.2,28.0769230769231,2.47764992774566,189,18003.0834499143,4436.32328378994,66.879,NA
"175",15,51.2,28.0769230769231,3.19391826923077,190,16440.5527712609,1984.29606106474,66.068,NA
"176",15,51.2,39.6820809248555,0.3121875,191,11316.6869519559,1410.31332290873,70.674,NA
"177",15,51.2,39.6820809248555,1.03262019230769,192,13652.7514649665,2545.52396557185,63.51,NA
"178",15,51.2,39.6820809248555,1.75305288461538,193,14241.0354599777,2953.69831365194,64.104,NA
"179",15,51.2,39.6820809248555,2.47764992774566,194,16509.3330921043,3676.92194317973,64.875,NA
"180",15,51.2,39.6820809248555,3.19391826923077,195,13922.3949906623,3233.81853808995,63.578,NA
"181",15,51.2,51.15,0.3121875,196,11667.5707461969,2667.71934248304,70.8365,NA
"182",15,51.2,51.15,1.03262019230769,197,11597.9053510112,2739.68155537393,62.921,NA
"183",15,51.2,51.15,1.75305288461538,198,12375.9752537961,3130.02868301887,60.9815,NA
"184",15,51.2,51.15,2.47764992774566,199,18139.6893696994,3038.85141717494,63.857,NA
"185",15,51.2,51.15,3.19391826923077,200,15114.8267079627,3021.51127906795,67.394,NA
"186",15,69.3,5,0.3121875,151,15536.4208208634,3178.63352882149,75.698,NA
"187",15,69.3,5,1.03262019230769,152,13918.981260444,3615.26865289665,77.484,NA
"188",15,69.3,5,1.75305288461538,153,13991.8166803974,2847.84860955264,75.4925,NA
"189",15,69.3,5,2.47764992774566,154,16288.3369889891,3628.07119687567,78.512,NA
"190",15,69.3,5,3.19391826923077,155,15904.3254454301,3958.57910604592,77.387,NA
"191",15,69.3,16.5384615384615,0.3121875,156,13875.0062145391,3211.2827448746,76.855,NA
"192",15,69.3,16.5384615384615,1.03262019230769,157,15826.567267124,3540.08837731667,71.0735,NA
"193",15,69.3,16.5384615384615,1.75305288461538,158,17002.8754099696,3233.49899489881,70.3765,NA
"194",15,69.3,16.5384615384615,2.47764992774566,159,16730.7115207785,2752.83584843043,73.033,NA
"195",15,69.3,16.5384615384615,3.19391826923077,160,16735.0881126898,2451.33111764615,73.479,NA
"196",15,69.3,28.0769230769231,1.03262019230769,162,15024.6866208252,2872.70950624271,67.307,NA
"197",15,69.3,28.0769230769231,1.75305288461538,163,11986.3127002699,3009.62300818179,68.1205,NA
"198",15,69.3,28.0769230769231,2.47764992774566,164,12442.4222702188,2365.73921782491,68.9395,NA
"199",15,69.3,39.6820809248555,0.3121875,166,11610.0637261334,2189.6906916226,74.223,NA
"200",15,69.3,39.6820809248555,1.03262019230769,167,13542.7778849318,2419.08370185644,63.8055,NA
"201",15,69.3,39.6820809248555,2.47764992774566,169,14005.9347153618,3242.8276938141,67.3015,NA
"202",15,69.3,39.6820809248555,3.19391826923077,170,14590.6881819882,2706.69075886289,63.808,NA
"203",15,69.3,51.15,0.3121875,171,14372.1761046237,3160.65344166606,72.7655,NA
"204",15,69.3,51.15,1.03262019230769,172,12341.2905246567,2595.1404550863,65.579,NA
"205",15,69.3,51.15,1.75305288461538,173,14964.9433210428,2805.45066922452,66.158,NA
"206",15,69.3,51.15,2.47764992774566,174,14851.5195284753,3387.10798272864,66.3285,NA
"207",15,69.3,51.15,3.19391826923077,175,17762.4847434729,4100.80069648237,68.382,NA
"208",15,100,5,0.3121875,126,14537.9754612791,2296.88415545994,74.617,NA
"209",15,100,5,1.03262019230769,127,17005.8732652153,4247.50188836392,78.8005,NA
"210",15,100,5,1.75305288461538,128,15992.5538778817,3395.44561929295,74.9275,NA
"211",15,100,5,2.47764992774566,129,14097.0717771335,3805.14249614963,76.479,NA
"212",15,100,5,3.19391826923077,130,12853.2126275741,4366.25030622654,77.4735,NA
"213",15,100,16.5384615384615,0.3121875,131,11329.5239133543,2577.02496012732,76.691,NA
"214",15,100,16.5384615384615,1.75305288461538,133,12391.0958394706,2176.86680190841,69.0033,NA
"215",15,100,16.5384615384615,3.19391826923077,135,14375.2709090025,2431.15658182178,74.311,NA
"216",15,100,28.0769230769231,0.3121875,136,12033.1824134414,2581.66514625052,76.483,NA
"217",15,100,28.0769230769231,1.03262019230769,137,12235.4754369295,2195.40498319604,72.139,NA
"218",15,100,28.0769230769231,1.75305288461538,138,13236.6284792478,2850.13287321525,66.424,NA
"219",15,100,28.0769230769231,2.47764992774566,139,14898.6281766838,2634.22648447606,68.824,NA
"220",15,100,28.0769230769231,3.19391826923077,140,18115.7520540227,3971.25607294963,70.5285,NA
"221",15,100,39.6820809248555,0.3121875,141,15792.9595004729,4331.73441203269,73.727,NA
"222",15,100,39.6820809248555,1.03262019230769,142,11958.8345539798,2172.139182864,69.5465,NA
"223",15,100,39.6820809248555,1.75305288461538,143,14677.6945776022,3440.44102564088,68.6955,NA
"224",15,100,39.6820809248555,2.47764992774566,144,14494.7691827988,3357.85221932425,66.732,NA
"225",15,100,39.6820809248555,3.19391826923077,145,15627.5456397579,4212.45285961293,69.045,NA
"226",15,100,51.15,0.3121875,146,12236.5553693648,2148.96439357226,69.016,NA
"227",15,100,51.15,1.03262019230769,147,14649.5564615309,4230.15636566966,69.433,NA
"228",15,100,51.15,1.75305288461538,148,13617.6211901488,2095.15260363649,67.1765,NA
"229",15,100,51.15,2.47764992774566,149,14186.4103465407,2850.96050930047,66.528,NA
"230",15,100,51.15,3.19391826923077,150,15303.4814649877,2547.51340904262,69.2,NA
"231",20,13.7,5,0.3121875,351,14241.5207370783,4682.3669104598,69.435,NA
"232",20,13.7,5,1.03262019230769,352,9628.801185285,2377.74144958615,66.947,NA
"233",20,13.7,5,1.75305288461538,353,11833.0863465509,2637.20898281552,66.664,NA
"234",20,13.7,5,2.47764992774566,354,16090.4558248925,3596.02975714836,67.628,NA
"235",20,13.7,5,3.19391826923077,355,13042.877343114,2851.98136631181,67.637,NA
"236",20,13.7,16.5384615384615,0.3121875,356,15742.2114735379,3722.97555723421,65.371,NA
"237",20,13.7,16.5384615384615,1.03262019230769,357,11710.6203761786,1791.84730651722,63.13,NA
"238",20,13.7,16.5384615384615,1.75305288461538,358,17971.6255682834,3113.92467529941,63.322,NA
"239",20,13.7,16.5384615384615,3.19391826923077,360,11194.9382529278,3182.10592062204,61.905,NA
"240",20,13.7,28.0769230769231,0.3121875,361,10358.9855729225,2766.47212537369,62.968,NA
"241",20,13.7,28.0769230769231,1.03262019230769,362,14681.0567496023,3644.22564172275,62.449,NA
"242",20,13.7,28.0769230769231,1.75305288461538,363,16589.1972571101,3771.455808958,62.03,NA
"243",20,13.7,28.0769230769231,2.47764992774566,364,15772.7211188561,3760.72532988797,62.0595,NA
"244",20,13.7,28.0769230769231,3.19391826923077,365,13526.3377897223,2528.63966362729,60.239,NA
"245",20,13.7,39.6820809248555,0.3121875,366,12531.3452263146,3260.64250817325,67.007,NA
"246",20,13.7,39.6820809248555,1.03262019230769,367,12194.0139672668,3024.70844018439,61.3,NA
"247",20,13.7,39.6820809248555,1.75305288461538,368,15546.5961577497,2585.00147811954,61.371,NA
"248",20,13.7,39.6820809248555,2.47764992774566,369,14202.0339310279,2812.64302871291,61.063,NA
"249",20,13.7,39.6820809248555,3.19391826923077,370,10234.5450775961,1765.81521123567,59.945,NA
"250",20,13.7,51.15,0.3121875,371,13286.6027819272,2999.89125456048,60.524,NA
"251",20,13.7,51.15,1.03262019230769,372,10980.9993225882,3289.360207831,59.758,NA
"252",20,13.7,51.15,1.75305288461538,373,10428.6037599248,1651.28247776549,62.359,NA
"253",20,13.7,51.15,2.47764992774566,374,13735.1491326362,2631.37224902792,61.0355,NA
"254",20,13.7,51.15,3.19391826923077,375,13633.4261286792,2247.41487259585,57.258,NA
"255",20,23.5,5,0.3121875,326,13467.100399009,3024.53516067558,72.876,NA
"256",20,23.5,5,1.03262019230769,327,15852.9097904462,3197.86215083354,76.0445,NA
"257",20,23.5,5,1.75305288461538,328,16687.2310229118,3042.98522555804,75.953,NA
"258",20,23.5,5,2.47764992774566,329,16865.6914782591,3320.42298837478,78.1145,NA
"259",20,23.5,5,3.19391826923077,330,19228.8810516928,3624.3594504274,75.767,NA
"260",20,23.5,16.5384615384615,0.3121875,331,12529.0596384282,1693.69528340735,68.714,NA
"261",20,23.5,16.5384615384615,1.03262019230769,332,18732.5065461876,3112.67899405781,68.467,NA
"262",20,23.5,16.5384615384615,1.75305288461538,333,17337.2014251365,3198.80959627372,71.175,NA
"263",20,23.5,16.5384615384615,2.47764992774566,334,16231.7577340427,3929.96453874681,66.902,NA
"264",20,23.5,16.5384615384615,3.19391826923077,335,16574.891116867,3397.19840001752,73.092,NA
"265",20,23.5,28.0769230769231,0.3121875,336,13172.8218408464,2500.44014337186,70.788,NA
"266",20,23.5,28.0769230769231,1.03262019230769,337,15312.094798186,2352.3381940701,64.499,NA
"267",20,23.5,28.0769230769231,1.75305288461538,338,17622.2773611034,5132.31997544358,69.033,NA
"268",20,23.5,28.0769230769231,2.47764992774566,339,18600.053312444,5323.72653896046,68.114,NA
"269",20,23.5,28.0769230769231,3.19391826923077,340,17631.0517745263,3008.56601209778,68.616,NA
"270",20,23.5,39.6820809248555,0.3121875,341,17281.8138580536,3745.49308510262,74.23,NA
"271",20,23.5,39.6820809248555,1.03262019230769,342,14314.4627864741,3434.83680600547,61.975,NA
"272",20,23.5,39.6820809248555,1.75305288461538,343,17763.3997154608,2684.76553590914,65.5195,NA
"273",20,23.5,39.6820809248555,2.47764992774566,344,9113.31172390624,2006.54147322188,61.449,NA
"274",20,23.5,39.6820809248555,3.19391826923077,345,16535.2888333927,3822.80923165383,64.114,NA
"275",20,23.5,51.15,0.3121875,346,17650.3207101455,4807.78646608501,72.9885,NA
"276",20,23.5,51.15,1.03262019230769,347,15990.0916958739,4310.7273671503,67.096,NA
"277",20,23.5,51.15,1.75305288461538,348,14321.2874544717,3422.53965150597,64.3365,NA
"278",20,23.5,51.15,2.47764992774566,349,16164.4417019755,3737.28806952077,65.999,NA
"279",20,23.5,51.15,3.19391826923077,350,19740.9716770069,4180.26285491339,65.52,NA
"280",20,51.2,5,0.3121875,301,10402.1316759208,1957.17649881372,74.588,NA
"281",20,51.2,5,1.03262019230769,302,14452.1373771493,3405.82257729575,NA,NA
"282",20,51.2,5,1.75305288461538,303,14699.8790051538,3564.46368581027,75.157,NA
"283",20,51.2,5,2.47764992774566,304,15538.6239707398,3271.96003032046,NA,NA
"284",20,51.2,16.5384615384615,0.3121875,306,11628.784344505,3129.60594175916,72.249,NA
"285",20,51.2,16.5384615384615,1.03262019230769,307,14287.8890124811,3732.61103113289,70.235,NA
"286",20,51.2,16.5384615384615,1.75305288461538,308,12568.1952076993,2429.87000253193,69.809,NA
"287",20,51.2,16.5384615384615,2.47764992774566,309,12920.5148309447,3474.34855745815,65.9815,NA
"288",20,51.2,16.5384615384615,3.19391826923077,310,17393.7675663322,3458.26784002593,NA,NA
"289",20,51.2,28.0769230769231,0.3121875,311,14672.2032823115,3225.20143003107,NA,NA
"290",20,51.2,28.0769230769231,1.03262019230769,312,15472.2420378646,3459.29354613559,NA,NA
"291",20,51.2,28.0769230769231,1.75305288461538,313,13653.0432161403,1990.79360009344,67.222,NA
"292",20,51.2,28.0769230769231,2.47764992774566,314,13079.9968001976,2209.6125092918,68.099,NA
"293",20,51.2,28.0769230769231,3.19391826923077,315,12411.972912412,2540.77846370589,67.998,NA
"294",20,51.2,39.6820809248555,0.3121875,316,12237.5230451054,1542.37250608912,75.988,NA
"295",20,51.2,39.6820809248555,1.03262019230769,317,14222.2315287308,2936.20911539669,65.181,NA
"296",20,51.2,39.6820809248555,1.75305288461538,318,12283.2030688331,2973.13726832352,63.451,NA
"297",20,51.2,39.6820809248555,2.47764992774566,319,14967.5182123078,3275.76438167212,69.193,NA
"298",20,51.2,39.6820809248555,3.19391826923077,320,13418.8282261632,2498.60310327339,66.885,NA
"299",20,51.2,51.15,1.03262019230769,322,10573.4946242452,2329.53279057399,62.6,NA
"300",20,51.2,51.15,1.75305288461538,323,11627.0864743874,2901.59423819319,64.037,NA
"301",20,51.2,51.15,2.47764992774566,324,12463.7951475305,2788.87299917391,67.307,NA
"302",20,51.2,51.15,3.19391826923077,325,14095.8085846549,2628.75848793326,70.879,NA
"303",20,69.3,5,0.3121875,276,16556.4115767543,3911.41377105824,NA,NA
"304",20,69.3,5,1.03262019230769,277,16295.512491062,4492.31462989449,NA,NA
"305",20,69.3,5,1.75305288461538,278,10875.6357822614,2438.22109858787,74.191,NA
"306",20,69.3,5,2.47764992774566,279,11823.1713017932,3144.60660558304,71.8325,NA
"307",20,69.3,5,3.19391826923077,280,15236.1647951604,3135.5371674205,NA,NA
"308",20,69.3,16.5384615384615,0.3121875,281,13429.7018917091,3477.40197730641,NA,NA
"309",20,69.3,16.5384615384615,1.03262019230769,282,15978.0518197147,3134.99401368547,70.2305,NA
"310",20,69.3,16.5384615384615,1.75305288461538,283,13578.5861561781,2923.61715511247,68.04,NA
"311",20,69.3,16.5384615384615,3.19391826923077,285,15721.9023278122,3105.78658898198,71.814,NA
"312",20,69.3,28.0769230769231,1.03262019230769,287,15549.1347982462,4023.81542108141,NA,NA
"313",20,69.3,28.0769230769231,1.75305288461538,288,13416.18936632,3589.00551902454,69.828,NA
"314",20,69.3,28.0769230769231,3.19391826923077,290,10790.9804902637,2901.85363823109,63.94,NA
"315",20,69.3,39.6820809248555,0.3121875,291,12820.1840584862,3091.5022788348,77.742,NA
"316",20,69.3,39.6820809248555,1.03262019230769,292,11650.3564940341,2215.34732460236,63.598,NA
"317",20,69.3,39.6820809248555,1.75305288461538,293,12365.5450023529,2292.00576018838,63.754,NA
"318",20,69.3,39.6820809248555,2.47764992774566,294,15061.2308163594,4044.12943322457,65.517,NA
"319",20,69.3,39.6820809248555,3.19391826923077,295,12666.015727009,2054.56700469772,68.0925,NA
"320",20,69.3,51.15,0.3121875,296,15604.760642521,4493.08266140054,NA,NA
"321",20,69.3,51.15,1.03262019230769,297,10930.7952930153,2489.75798569448,63.951,NA
"322",20,69.3,51.15,1.75305288461538,298,14926.9760671625,2892.01743632937,63.767,NA
"323",20,69.3,51.15,2.47764992774566,299,13536.721441935,3210.08191580087,63.524,NA
"324",20,69.3,51.15,3.19391826923077,300,16198.4496385226,3813.04330145399,NA,NA
"325",20,100,5,0.3121875,251,10097.5320145419,2486.9277539405,75.134,NA
"326",20,100,5,1.03262019230769,252,11715.2238023113,2010.27578008061,78.9565,NA
"327",20,100,5,3.19391826923077,255,10255.7719568733,1848.33884382662,74.2475,NA
"328",20,100,16.5384615384615,1.03262019230769,257,15903.2316139456,3115.91673248834,72.373,NA
"329",20,100,16.5384615384615,2.47764992774566,259,14122.3076702356,4351.75389751325,69.411,NA
"330",20,100,16.5384615384615,3.19391826923077,260,22183.5636442151,4931.86223147282,NA,NA
"331",20,100,28.0769230769231,0.3121875,261,10058.9971865621,3108.70346648003,70.666,NA
"332",20,100,28.0769230769231,1.03262019230769,262,14007.0086680881,2279.62218106816,67.642,NA
"333",20,100,28.0769230769231,1.75305288461538,263,12272.2614521482,2708.53586024117,67.075,NA
"334",20,100,28.0769230769231,3.19391826923077,265,12542.756814563,2747.46900152221,67.087,NA
"335",20,100,39.6820809248555,0.3121875,266,10338.5550172656,2362.66448075457,68.812,NA
"336",20,100,39.6820809248555,1.75305288461538,268,11401.0991926017,2190.91489379874,64.939,NA
"337",20,100,39.6820809248555,3.19391826923077,270,11485.1485825089,2978.59701790555,65.104,NA
"338",20,100,51.15,0.3121875,271,10986.7298635885,2836.65770369808,70.872,NA
"339",20,100,51.15,1.03262019230769,272,11371.4089053244,3096.6762738975,64.9135,NA
"340",20,100,51.15,1.75305288461538,273,14432.4897563126,3328.53678427659,65.685,NA
"341",20,100,51.15,3.19391826923077,275,14004.2899571064,2880.18096427717,66.967,NA
"342",25,13.7,5,0.3121875,476,10029.9109120688,3037.59961705626,57.899,NA
"343",25,13.7,5,1.03262019230769,477,9603.42817027203,2620.27946932171,59.686,NA
"344",25,13.7,5,1.75305288461538,478,8686.91523771877,2294.60019067358,54.958,NA
"345",25,13.7,5,2.47764992774566,479,10118.9752419384,2133.37681797253,59.68,NA
"346",25,13.7,5,3.19391826923077,480,8817.79366047804,2116.27860427164,60.699,NA
"347",25,13.7,16.5384615384615,0.3121875,481,7967.62217989713,2225.50670362064,61.0685,NA
"348",25,13.7,16.5384615384615,1.03262019230769,482,11074.8339353545,2615.12795309411,59.314,NA
"349",25,13.7,16.5384615384615,1.75305288461538,483,10141.5039572174,1641.52462133031,59.8505,NA
"350",25,13.7,16.5384615384615,3.19391826923077,485,10807.9123156465,2165.66080422214,55.461,NA
"351",25,13.7,28.0769230769231,1.03262019230769,487,12126.551269497,2063.58593790646,56.443,NA
"352",25,13.7,28.0769230769231,1.75305288461538,488,13173.9015842173,2917.65723328872,58.7165,NA
"353",25,13.7,28.0769230769231,2.47764992774566,489,8508.06564607677,1517.14049288274,57.9025,NA
"354",25,13.7,28.0769230769231,3.19391826923077,490,10926.4419559791,1500.42952824179,55.343,NA
"355",25,13.7,39.6820809248555,0.3121875,491,9560.82595976135,2081.19855658808,59.905,NA
"356",25,13.7,39.6820809248555,1.03262019230769,492,12719.5366797722,2702.78761345245,55.627,NA
"357",25,13.7,39.6820809248555,1.75305288461538,493,10466.3734656719,2069.63859818629,57.935,NA
"358",25,13.7,39.6820809248555,2.47764992774566,494,11276.6285404031,2350.17019419391,55.337,NA
"359",25,13.7,39.6820809248555,3.19391826923077,495,11862.4140060261,2496.76769108229,56.1285,NA
"360",25,13.7,51.15,0.3121875,496,8978.48172661794,2919.95670300166,60.758,NA
"361",25,13.7,51.15,1.03262019230769,497,10931.8924785457,2492.98020497402,56.202,NA
"362",25,13.7,51.15,1.75305288461538,498,12479.3968827814,3189.09642835658,55.285,NA
"363",25,13.7,51.15,2.47764992774566,499,8981.3246351659,1868.11531185664,57.0445,NA
"364",25,13.7,51.15,3.19391826923077,500,11108.9335323936,2398.31361917814,53.731,NA
"365",25,23.5,5,0.3121875,451,11513.4378277369,2174.55132139071,66.588,NA
"366",25,23.5,5,1.03262019230769,452,11642.6731473375,2696.58424256713,NA,NA
"367",25,23.5,5,1.75305288461538,453,11350.259366886,5515.39272258125,68.88,NA
"368",25,23.5,5,2.47764992774566,454,9976.32767379692,2151.45386274152,65.558,NA
"369",25,23.5,5,3.19391826923077,455,15313.2693770929,3643.37589657233,NA,NA
"370",25,23.5,16.5384615384615,0.3121875,456,10705.6629854104,2975.13302189805,62.68,NA
"371",25,23.5,16.5384615384615,1.03262019230769,457,11783.900953865,2050.09634481748,NA,NA
"372",25,23.5,16.5384615384615,1.75305288461538,458,12801.7431762139,3005.45604441884,62.03,NA
"373",25,23.5,16.5384615384615,2.47764992774566,459,13698.8840703255,2116.89292150077,64.08,NA
"374",25,23.5,16.5384615384615,3.19391826923077,460,9980.28520892284,2313.50025966864,63.2115,NA
"375",25,23.5,28.0769230769231,0.3121875,461,10896.1244306082,2629.52499543875,65.197,NA
"376",25,23.5,28.0769230769231,1.03262019230769,462,11175.5365383775,2478.50398175575,62.808,NA
"377",25,23.5,28.0769230769231,1.75305288461538,463,10605.894325026,2603.48940309127,62.6175,NA
"378",25,23.5,28.0769230769231,2.47764992774566,464,11742.4354092205,2125.70271776298,NA,NA
"379",25,23.5,28.0769230769231,3.19391826923077,465,10638.862604824,2178.65542134338,59.779,NA
"380",25,23.5,39.6820809248555,0.3121875,466,11986.3956902473,2395.5100925212,NA,NA
"381",25,23.5,39.6820809248555,1.03262019230769,467,12736.0083287676,2397.81822676585,61.667,NA
"382",25,23.5,39.6820809248555,1.75305288461538,468,12204.7496805051,2404.88654816824,61.624,NA
"383",25,23.5,39.6820809248555,2.47764992774566,469,13229.4121605745,2359.06970024829,58.7095,NA
"384",25,23.5,39.6820809248555,3.19391826923077,470,10873.6725503729,2726.65092189692,58.396,NA
"385",25,23.5,51.15,0.3121875,471,11815.0846520205,2394.45910088324,67.025,NA
"386",25,23.5,51.15,1.03262019230769,472,12416.4812312426,2633.09357657646,61.895,NA
"387",25,23.5,51.15,1.75305288461538,473,12336.2423676333,2886.10943277911,57.587,NA
"388",25,23.5,51.15,2.47764992774566,474,11094.0337429341,2434.45878523481,57.8625,NA
"389",25,23.5,51.15,3.19391826923077,475,10833.067022363,3045.02898941168,60.139,NA
"390",25,51.2,5,0.3121875,426,11767.4564621651,2617.12320502453,69.686,NA
"391",25,51.2,5,1.03262019230769,427,10955.7268566179,3347.50427798365,NA,NA
"392",25,51.2,5,1.75305288461538,428,11190.6473305207,2312.70777508131,NA,NA
"393",25,51.2,5,3.19391826923077,430,10328.8078680218,2134.06488305362,NA,NA
"394",25,51.2,16.5384615384615,0.3121875,431,10592.1892524248,2831.14722623021,65.2805,NA
"395",25,51.2,16.5384615384615,1.03262019230769,432,12346.327351064,3257.06740996249,63.6025,NA
"396",25,51.2,16.5384615384615,1.75305288461538,433,12031.9849714102,2616.39768288858,65.197,NA
"397",25,51.2,16.5384615384615,2.47764992774566,434,12940.6410214258,2627.5795184806,68.677,NA
"398",25,51.2,16.5384615384615,3.19391826923077,435,11490.8726584055,1921.80329253276,66.1235,NA
"399",25,51.2,28.0769230769231,0.3121875,436,11389.7381071102,2032.85411299442,NA,NA
"400",25,51.2,28.0769230769231,1.03262019230769,437,11130.6363587491,2763.60528043211,61.816,NA
"401",25,51.2,28.0769230769231,1.75305288461538,438,10899.4547445848,2554.54153857411,NA,NA
"402",25,51.2,28.0769230769231,2.47764992774566,439,10946.8957004377,3082.98381481972,NA,NA
"403",25,51.2,28.0769230769231,3.19391826923077,440,10870.641980168,2336.81585492137,63.914,NA
"404",25,51.2,39.6820809248555,0.3121875,441,9956.11959667083,3003.07695071861,65.938,NA
"405",25,51.2,39.6820809248555,1.03262019230769,442,10234.6380118243,2347.36752233458,60.5295,NA
"406",25,51.2,39.6820809248555,2.47764992774566,444,9718.08535651243,2049.18639702302,61.6245,NA
"407",25,51.2,39.6820809248555,3.19391826923077,445,9035.18914889855,2819.83179352444,60.7655,NA
"408",25,51.2,51.15,0.3121875,446,10173.0673463284,2706.74890773045,64.202,NA
"409",25,51.2,51.15,1.03262019230769,447,12788.548914544,2632.02755578304,NA,NA
"410",25,51.2,51.15,1.75305288461538,448,10844.0321584173,2317.16854744701,NA,NA
"411",25,51.2,51.15,2.47764992774566,449,9935.08272379139,1770.72864074702,59.7395,NA
"412",25,51.2,51.15,3.19391826923077,450,9800.44202755436,1976.84691150778,59.082,NA
"413",25,69.3,5,0.3121875,401,11529.5588559523,2857.22771058546,NA,NA
"414",25,69.3,5,1.03262019230769,402,13037.6607308163,2959.42001292114,NA,NA
"415",25,69.3,5,1.75305288461538,403,11108.4718379229,2613.9785396505,NA,NA
"416",25,69.3,5,2.47764992774566,404,9147.17711198734,2333.36315599882,72.908,NA
"417",25,69.3,5,3.19391826923077,405,11660.3921361376,2772.05761483995,NA,NA
"418",25,69.3,16.5384615384615,0.3121875,406,9775.53771085204,1789.697878026,69.517,NA
"419",25,69.3,16.5384615384615,1.03262019230769,407,9299.03586469483,2331.23855152001,69.599,NA
"420",25,69.3,16.5384615384615,1.75305288461538,408,11720.0409153539,3518.57266662358,NA,NA
"421",25,69.3,16.5384615384615,2.47764992774566,409,12426.1706171252,2320.30059374156,66.139,NA
"422",25,69.3,16.5384615384615,3.19391826923077,410,10679.9963619952,1674.67961128238,66.885,NA
"423",25,69.3,28.0769230769231,0.3121875,411,10780.0704378829,2799.14042342872,68.033,NA
"424",25,69.3,28.0769230769231,1.03262019230769,412,11058.2727268737,2493.99488347731,65.202,NA
"425",25,69.3,28.0769230769231,1.75305288461538,413,9366.0401688847,1702.99183070888,61.386,NA
"426",25,69.3,28.0769230769231,2.47764992774566,414,9945.25913989621,1764.26542686732,68.959,NA
"427",25,69.3,28.0769230769231,3.19391826923077,415,12521.7092265652,3457.80429510756,63.154,NA
"428",25,69.3,39.6820809248555,0.3121875,416,11167.9778739748,2199.3021167849,70.544,NA
"429",25,69.3,39.6820809248555,1.03262019230769,417,11724.5180621308,2672.86059488778,61.905,NA
"430",25,69.3,39.6820809248555,1.75305288461538,418,11315.1495850369,2003.47466460506,62.1025,NA
"431",25,69.3,39.6820809248555,2.47764992774566,419,10610.8473819804,2063.64496011065,60.962,NA
"432",25,69.3,39.6820809248555,3.19391826923077,420,9595.66620284582,2271.81180906182,61.375,NA
"433",25,69.3,51.15,0.3121875,421,8108.45669094453,1853.41438094462,65.0305,NA
"434",25,69.3,51.15,1.03262019230769,422,7956.37676546965,1212.77327628273,59.897,NA
"435",25,69.3,51.15,1.75305288461538,423,10173.7751632283,2269.24545644241,60.131,NA
"436",25,69.3,51.15,2.47764992774566,424,9956.0141852378,2609.45708467338,61.4975,NA
"437",25,69.3,51.15,3.19391826923077,425,11134.8362708508,2347.87033828766,59.973,NA
"438",25,100,5,0.3121875,376,13125.3070250993,2227.75486764697,NA,NA
"439",25,100,5,1.03262019230769,377,13761.2153703037,3083.91068321946,NA,NA
"440",25,100,5,1.75305288461538,378,10792.6805751743,2226.76574772813,73.458,NA
"441",25,100,5,2.47764992774566,379,9987.10883849272,2056.26268746139,72.7425,NA
"442",25,100,5,3.19391826923077,380,11392.7902830936,1985.03674086265,71.406,NA
"443",25,100,16.5384615384615,0.3121875,381,11016.6073420994,2565.08321292537,NA,NA
"444",25,100,16.5384615384615,1.03262019230769,382,11349.4088199651,3255.29771659169,NA,NA
"445",25,100,16.5384615384615,1.75305288461538,383,11463.6573694889,1707.69673161096,NA,NA
"446",25,100,16.5384615384615,2.47764992774566,384,19356.0779322708,4374.49468453362,NA,NA
"447",25,100,16.5384615384615,3.19391826923077,385,12316.1013869518,2457.7670934157,NA,NA
"448",25,100,28.0769230769231,0.3121875,386,8667.26163788141,1476.24340775645,66.167,NA
"449",25,100,28.0769230769231,1.03262019230769,387,9394.33151393412,2780.67474675908,NA,NA
"450",25,100,28.0769230769231,1.75305288461538,388,11146.5109072637,3474.33485771158,NA,NA
"451",25,100,28.0769230769231,2.47764992774566,389,9129.17017948973,1920.03635536171,62.221,NA
"452",25,100,28.0769230769231,3.19391826923077,390,NA,NA,NA,NA
"453",25,100,39.6820809248555,0.3121875,391,11716.1719271243,2176.73729489161,NA,NA
"454",25,100,39.6820809248555,1.03262019230769,392,10503.8998932997,1074.3506285135,64.061,NA
"455",25,100,39.6820809248555,1.75305288461538,393,12625.0718472228,2018.9121220719,NA,NA
"456",25,100,39.6820809248555,2.47764992774566,394,10564.5944159873,2290.14441509617,NA,NA
"457",25,100,39.6820809248555,3.19391826923077,395,11732.4365785836,2242.04623129059,63.239,NA
"458",25,100,51.15,0.3121875,396,12564.5250111279,2699.12096861138,NA,NA
"459",25,100,51.15,1.03262019230769,397,11088.3169708064,2620.58104408891,65.325,NA
"460",25,100,51.15,1.75305288461538,398,9904.41489153956,1876.31096984818,59.815,NA
"461",25,100,51.15,2.47764992774566,399,10877.4111482523,2050.74420084683,62.662,NA
"462",25,100,51.15,3.19391826923077,400,11373.7647253897,1455.4523844147,61.367,NA
"463",30,13.7,5,0.3121875,601,8931.78567710771,2621.16579891895,NA,NA
"464",30,13.7,5,1.03262019230769,602,7847.92280333425,1590.5264039121,55.532,NA
"465",30,13.7,5,1.75305288461538,603,12043.8200077674,2055.0552361143,53.631,NA
"466",30,13.7,5,2.47764992774566,604,7968.01970671557,3177.91129168539,55.97,NA
"467",30,13.7,5,3.19391826923077,605,12207.0662545522,2134.61857639422,54.602,NA
"468",30,13.7,16.5384615384615,0.3121875,606,6774.30286380826,1627.42601209201,52.7115,NA
"469",30,13.7,16.5384615384615,1.03262019230769,607,14072.4854542038,2338.22586520522,56.196,NA
"470",30,13.7,16.5384615384615,1.75305288461538,608,7734.03753178191,1535.06477341476,55.049,NA
"471",30,13.7,16.5384615384615,2.47764992774566,609,10937.928744176,2427.91933574112,57.9935,NA
"472",30,13.7,28.0769230769231,0.3121875,611,9331.14633277268,3523.46943570337,53.552,NA
"473",30,13.7,28.0769230769231,1.03262019230769,612,7289.40199902015,1886.3245155057,55.353,NA
"474",30,13.7,28.0769230769231,1.75305288461538,613,11591.3132437022,2243.2205833796,52.501,NA
"475",30,13.7,28.0769230769231,2.47764992774566,614,14794.1439894182,2312.54404532106,57.897,NA
"476",30,13.7,28.0769230769231,3.19391826923077,615,14538.5007631543,1851.10042430477,56.064,NA
"477",30,13.7,39.6820809248555,0.3121875,616,11597.1147573439,3162.25127860645,55.671,NA
"478",30,13.7,39.6820809248555,1.03262019230769,617,6098.70096051027,1905.02147612937,53.295,NA
"479",30,13.7,39.6820809248555,1.75305288461538,618,12216.114839846,1782.08908929644,57.001,NA
"480",30,13.7,39.6820809248555,2.47764992774566,619,7113.19847126424,2285.13265201255,55.1995,NA
"481",30,13.7,39.6820809248555,3.19391826923077,620,13060.8671425782,2383.42074640445,53.941,NA
"482",30,13.7,51.15,0.3121875,621,12921.5151228947,2855.41789318503,54.862,NA
"483",30,13.7,51.15,1.03262019230769,622,9692.74373019965,2034.9832354365,56.248,NA
"484",30,13.7,51.15,1.75305288461538,623,7146.94411658316,2112.93316969882,52.385,NA
"485",30,13.7,51.15,2.47764992774566,624,6742.37627708432,2134.45388177061,54.673,NA
"486",30,13.7,51.15,3.19391826923077,625,15167.047459585,2908.03530125157,53.444,NA
"487",30,23.5,5,0.3121875,576,9547.17446856275,2008.35948121255,62.221,NA
"488",30,23.5,5,1.03262019230769,577,9556.78624774989,1761.09106948362,64.0315,NA
"489",30,23.5,5,1.75305288461538,578,8622.5664850811,2057.13021250437,61.31,NA
"490",30,23.5,5,2.47764992774566,579,9026.8504537586,2697.17958469212,62.557,NA
"491",30,23.5,5,3.19391826923077,580,7796.16733405578,2263.25101337811,59.551,NA
"492",30,23.5,16.5384615384615,0.3121875,581,13773.3182449966,3539.37106623046,56.2925,NA
"493",30,23.5,16.5384615384615,1.03262019230769,582,12363.351289099,2768.98629140184,59.768,NA
"494",30,23.5,16.5384615384615,1.75305288461538,583,8780.40387308478,2107.28958775994,56.944,NA
"495",30,23.5,16.5384615384615,2.47764992774566,584,9437.13363712322,1918.2851137619,57.6355,NA
"496",30,23.5,16.5384615384615,3.19391826923077,585,13801.4525165787,2591.00225794596,56.1125,NA
"497",30,23.5,28.0769230769231,0.3121875,586,14587.6584318122,3171.5289279063,56.2955,NA
"498",30,23.5,28.0769230769231,1.03262019230769,587,10475.3857047025,2877.73509081145,51.298,NA
"499",30,23.5,28.0769230769231,1.75305288461538,588,8343.98116174187,1721.0713084085,56.4665,NA
"500",30,23.5,28.0769230769231,2.47764992774566,589,12453.6709089725,3394.95901658036,55.358,NA
"501",30,23.5,28.0769230769231,3.19391826923077,590,13561.7314847144,2801.03575537541,59.647,NA
"502",30,23.5,39.6820809248555,0.3121875,591,8897.5663567901,1553.34941064964,53.229,NA
"503",30,23.5,39.6820809248555,1.03262019230769,592,9451.26858362675,2132.55733427062,55.757,NA
"504",30,23.5,39.6820809248555,1.75305288461538,593,11982.4740779511,2227.76660936153,53.0205,NA
"505",30,23.5,39.6820809248555,2.47764992774566,594,12650.4862924468,3559.85435667659,57.681,NA
"506",30,23.5,39.6820809248555,3.19391826923077,595,9662.22179331508,1494.91485611474,52.686,NA
"507",30,23.5,51.15,0.3121875,596,7892.48104456041,1773.48775394764,53.3345,NA
"508",30,23.5,51.15,1.03262019230769,597,10366.0854845802,1929.55807096575,52.428,NA
"509",30,23.5,51.15,1.75305288461538,598,10922.5861577755,2779.1274771184,54.084,NA
"510",30,23.5,51.15,2.47764992774566,599,10584.8951374964,2465.81711944823,54.544,NA
"511",30,23.5,51.15,3.19391826923077,600,10153.2961802253,1633.90182375143,55.474,NA
"512",30,51.2,5,0.3121875,551,9226.13661448241,2057.07704292987,66.6335,NA
"513",30,51.2,5,1.03262019230769,552,8444.08753352822,1718.95072234255,66.835,NA
"514",30,51.2,5,1.75305288461538,553,11678.6233699053,2549.18359906965,NA,NA
"515",30,51.2,5,2.47764992774566,554,8239.16041415367,1720.85710439963,67.672,NA
"516",30,51.2,5,3.19391826923077,555,8437.67332426877,2992.16100922879,69.041,NA
"517",30,51.2,16.5384615384615,0.3121875,556,9057.51288720204,1578.65562859157,60.858,NA
"518",30,51.2,16.5384615384615,1.75305288461538,558,8884.93692890685,1908.92325175791,62.173,NA
"519",30,51.2,16.5384615384615,2.47764992774566,559,9534.68889799717,1825.37722630624,63.975,NA
"520",30,51.2,16.5384615384615,3.19391826923077,560,8316.97209566378,2693.57989679743,62.984,NA
"521",30,51.2,28.0769230769231,0.3121875,561,8266.83527190638,1228.33095810193,61.632,NA
"522",30,51.2,28.0769230769231,1.03262019230769,562,9137.46320490745,1422.19624773565,59.975,NA
"523",30,51.2,28.0769230769231,1.75305288461538,563,9754.30873181839,2378.36127757158,58.386,NA
"524",30,51.2,28.0769230769231,2.47764992774566,564,8633.40930542109,1618.42286226397,61.8,NA
"525",30,51.2,28.0769230769231,3.19391826923077,565,7656.64675962351,1542.84101446653,57.8215,NA
"526",30,51.2,39.6820809248555,0.3121875,566,15835.6113481339,3631.76020679324,64.086,NA
"527",30,51.2,39.6820809248555,1.03262019230769,567,9509.51620588133,1944.6938212559,57.6695,NA
"528",30,51.2,39.6820809248555,1.75305288461538,568,8885.78870082531,2086.06893866463,58.3085,NA
"529",30,51.2,39.6820809248555,2.47764992774566,569,8651.4116095202,2115.28177524882,58.98,NA
"530",30,51.2,39.6820809248555,3.19391826923077,570,8934.97150382909,2340.93324552838,59.0745,NA
"531",30,51.2,51.15,0.3121875,571,9635.63218140951,1911.49359836843,61.293,NA
"532",30,51.2,51.15,1.03262019230769,572,13135.3843728422,2395.03020775158,58.263,NA
"533",30,51.2,51.15,1.75305288461538,573,11314.3297880218,2394.53179293655,54.5785,NA
"534",30,51.2,51.15,2.47764992774566,574,10541.2910132642,2514.66191315802,55.4575,NA
"535",30,51.2,51.15,3.19391826923077,575,13067.1880019948,2919.21269414652,58.835,NA
"536",30,69.3,5,0.3121875,526,8521.58841153034,1491.74902626011,66.23,NA
"537",30,69.3,5,1.03262019230769,527,10293.038467188,2586.29061762501,70.079,NA
"538",30,69.3,5,1.75305288461538,528,9937.25169995047,1936.96192486385,66.576,NA
"539",30,69.3,5,2.47764992774566,529,7153.2157775457,1940.25453597674,66.553,NA
"540",30,69.3,5,3.19391826923077,530,12089.3971620805,2701.45439058012,NA,NA
"541",30,69.3,16.5384615384615,0.3121875,531,12863.2514530458,2305.3688832211,NA,NA
"542",30,69.3,16.5384615384615,1.03262019230769,532,9979.2595844122,1631.16563815837,62.391,NA
"543",30,69.3,16.5384615384615,1.75305288461538,533,15049.4819130569,3184.61806234096,NA,NA
"544",30,69.3,16.5384615384615,2.47764992774566,534,8488.20485910947,2184.5454494007,62.124,NA
"545",30,69.3,16.5384615384615,3.19391826923077,535,9931.37763292782,2146.40133742818,62.921,NA
"546",30,69.3,28.0769230769231,0.3121875,536,11059.104585931,1732.89728816237,67.981,NA
"547",30,69.3,28.0769230769231,1.03262019230769,537,9708.68689892329,1673.80167242447,61.695,NA
"548",30,69.3,28.0769230769231,1.75305288461538,538,8723.96229510771,2090.96752655747,61.9415,NA
"549",30,69.3,28.0769230769231,2.47764992774566,539,9402.99517285015,2111.19252225359,62.066,NA
"550",30,69.3,28.0769230769231,3.19391826923077,540,9427.84755642493,2047.34138813252,64.144,NA
"551",30,69.3,39.6820809248555,0.3121875,541,8989.98171544608,2340.6408348333,64.496,NA
"552",30,69.3,39.6820809248555,1.03262019230769,542,9504.16870608303,2099.34094106536,58.642,NA
"553",30,69.3,39.6820809248555,1.75305288461538,543,8637.33897928649,2433.83230770584,58.228,NA
"554",30,69.3,39.6820809248555,2.47764992774566,544,8813.92956228719,2240.90083817651,58.6385,NA
"555",30,69.3,39.6820809248555,3.19391826923077,545,11908.8506967969,3571.45640499804,59.878,NA
"556",30,69.3,51.15,0.3121875,546,10088.611938052,2492.74112441493,65.5225,NA
"557",30,69.3,51.15,1.03262019230769,547,9174.04066379692,1742.89255806744,59.238,NA
"558",30,69.3,51.15,1.75305288461538,548,7685.6241333279,1537.10679760488,57.126,NA
"559",30,69.3,51.15,2.47764992774566,549,7842.59534530638,1611.20302607783,59.458,NA
"560",30,69.3,51.15,3.19391826923077,550,7624.92832535559,751.554158126287,59.3135,NA
"561",30,100,5,0.3121875,501,7647.50114840331,2479.78696717385,68.106,NA
"562",30,100,5,1.03262019230769,502,8747.38756245011,1958.25690258184,NA,NA
"563",30,100,5,1.75305288461538,503,8878.82653502889,1403.38071219977,67.988,NA
"564",30,100,5,2.47764992774566,504,9909.99918289547,1836.09270186284,71.0065,NA
"565",30,100,5,3.19391826923077,505,9400.21664485887,1807.62207809755,67.1235,NA
"566",30,100,16.5384615384615,0.3121875,506,10465.6812236865,2131.00369673933,67.225,NA
"567",30,100,16.5384615384615,1.03262019230769,507,14255.0288372352,3590.2575193405,64.5245,NA
"568",30,100,16.5384615384615,1.75305288461538,508,13798.3890286785,5298.08120429051,64.617,NA
"569",30,100,16.5384615384615,2.47764992774566,509,12525.4765195894,3290.84821437796,NA,NA
"570",30,100,16.5384615384615,3.19391826923077,510,11681.931366886,3303.57171849014,NA,NA
"571",30,100,28.0769230769231,0.3121875,511,11288.9898872358,2564.33314849463,64.582,NA
"572",30,100,28.0769230769231,1.03262019230769,512,15036.3212898377,4040.88953373085,NA,NA
"573",30,100,28.0769230769231,1.75305288461538,513,9107.53576162084,2494.14792798229,61.68,NA
"574",30,100,28.0769230769231,2.47764992774566,514,13481.7744472939,1785.56196783943,NA,NA
"575",30,100,28.0769230769231,3.19391826923077,515,16167.1426423268,3246.11282539607,NA,NA
"576",30,100,39.6820809248555,0.3121875,516,14125.3551535601,2601.39405625143,NA,NA
"577",30,100,39.6820809248555,1.03262019230769,517,10273.2325940249,2173.50413555244,62.9385,NA
"578",30,100,39.6820809248555,1.75305288461538,518,10842.7065430547,3003.57918296949,NA,NA
"579",30,100,39.6820809248555,2.47764992774566,519,13318.4076109176,2160.0292741134,NA,NA
"580",30,100,51.15,0.3121875,521,11387.9823392743,2796.44297613245,65.9915,NA
"581",30,100,51.15,1.03262019230769,522,10631.3156956027,2648.94654429878,61.57,NA
"582",30,100,51.15,1.75305288461538,523,8598.22672020433,1551.29701457404,57.925,NA
"583",30,100,51.15,2.47764992774566,524,9251.84241962542,2343.90377012189,58.934,NA
"584",30,100,51.15,3.19391826923077,525,9466.02970830726,1861.38715644716,60.567,NA
